ATP	Glucose	ADP	Glc6P	Fru6P	Fru1,6BP	Fru2,6BP	DHAP	Gly3P	1,3BPG	NAD	NADH	Pi	3PG	2PG	PEP	PYR	LACin	PHP	SER	PSER	Ery4P	6PG	CIT	GLY	Glycogen_n+1	AMP	Xy5P	Glc1P	UDPG	UTP	PPi	UDP	Glycogen_n	GlucoseOut	LACout	SerineOut	GlycineOut	
0.878128	18.2416	1.75418	2.5071	0.887599	3.57792e-05	0.0043	0.00293862	8.60533e-05	3.44004e-06	1.37906	0.0109391	4	0.011574	0.0022891	0.00515419	7.02343e-09	1.0287e-05	0.000853668	0.000228603	0.00027798	0.016	0.39	1.7	0.000905319	263.67	8.36769	0.016	46.001	2.72183e-08	1.0971e-09	1.21453e-06	0.273	6.33043	20	1e-05	1e-05	1e-05	
0.146359	14.0636	0.831878	0.520676	0.224784	8.58981e-06	0.0043	0.000747859	2.63998e-05	1.66562e-07	1.38701	0.00299292	4	0.00194526	0.000352226	0.000578162	0.000541624	0.000461897	0.000148993	0.000115317	7.01389e-05	0.016	0.39	1.7	0.000106462	255.559	10.0218	0.016	9.05403	4.36124e-08	1.99287e-09	2.2129e-07	0.273	14.4412	20	1e-05	1e-05	1e-05	
0.0117132	19.5512	0.233691	0.0576655	0.0264432	1.00647e-06	0.0043	7.15696e-05	2.74543e-06	1.19667e-08	1.37566	0.0143439	4	0.000194165	2.97161e-05	1.78491e-05	3.59714e-05	0.000126871	3.5275e-05	1.52883e-05	1.11976e-05	0.016	0.39	1.7	2.7725e-05	129.112	10.7546	0.016	1.06659	2.72263e-10	1.99752e-11	3.34685e-09	0.273	140.888	20	1e-05	1e-05	1e-05	
0.0764304	18.9182	0.574982	0.284834	0.107221	3.34592e-06	0.0043	0.000457663	1.82908e-05	6.16446e-08	1.38204	0.0079562	4	0.00118649	0.000212952	0.000121867	0.000137487	0.000377633	0.000139814	4.24171e-05	2.19329e-05	0.016	0.39	1.7	0.000110501	205.244	10.3486	0.016	5.00336	3.94397e-09	7.68044e-10	1.51076e-06	0.273	64.7556	20	1e-05	1e-05	1e-05	
0.049152	18.3923	0.481915	0.330449	0.151227	3.48665e-06	0.0043	0.000331007	9.73618e-06	9.76995e-08	1.38315	0.00685193	4	0.00121434	0.000190493	0.000303892	6.74599e-05	0.00039824	0.000193782	8.03266e-05	1.80061e-05	0.016	0.39	1.7	7.92127e-05	204.333	10.4689	0.016	6.05809	5.49797e-09	2.00794e-10	8.08669e-07	0.273	65.6667	20	1e-05	1e-05	1e-05	
0.182874	18.6751	0.861853	0.69489	0.267472	7.91693e-06	0.0043	0.00116266	5.34916e-05	5.11703e-07	1.38491	0.00509374	4	0.00362227	0.000568127	0.00241531	0.00025884	0.00112088	0.000704217	0.00023069	5.50667e-05	0.016	0.39	1.7	0.000255939	203.38	9.95527	0.016	12.3178	2.14778e-08	1.29442e-09	1.3169e-06	0.273	66.6198	20	1e-05	1e-05	1e-05	
0.181601	14.866	0.894886	0.734677	0.248746	2.23403e-05	0.0043	0.00159868	5.80741e-05	6.73271e-07	1.37477	0.0152269	4	0.0050393	0.000886727	0.00111032	0.000288716	0.00125053	0.00114359	0.000153902	0.00012358	0.016	0.39	1.7	0.000199289	238.767	9.92351	0.016	13.8872	1.74761e-08	6.94893e-10	1.33662e-07	0.273	31.2334	20	1e-05	1e-05	1e-05	
0.132219	18.191	0.771681	0.600548	0.220562	1.04782e-05	0.0043	0.000919745	4.51142e-05	3.67974e-07	1.38902	0.000979141	4	0.00262511	0.000441416	0.00182273	0.00185301	0.000549884	0.000392322	9.34332e-05	7.06685e-05	0.016	0.39	1.7	0.000187554	216.779	10.0961	0.016	10.7306	1.8394e-08	8.60887e-10	3.56489e-07	0.273	53.2212	20	1e-05	1e-05	1e-05	
1.60088	9.46674	2.18321	1.89089	0.582388	4.51026e-05	0.0043	0.00266822	9.52193e-05	5.805e-06	1.38377	0.00622791	4	0.0294343	0.00513922	0.00697104	1.12067e-10	9.09372e-06	0.00237389	0.000514333	0.000471383	0.016	0.39	1.7	0.000690052	264.625	7.21591	0.016	32.1701	1.71789e-07	5.08656e-09	2.73165e-06	0.273	5.37513	20	1e-05	1e-05	1e-05	
0.110623	16.3129	0.704981	0.475889	0.151355	9.28217e-06	0.0043	0.00100993	3.81525e-05	3.8052e-07	1.38561	0.00439373	4	0.00495048	0.000777968	0.00166461	0.000641287	0.00142702	0.000660998	0.000166494	0.000195469	0.016	0.39	1.7	0.000476618	249.929	10.1844	0.016	8.48901	9.04528e-08	3.65915e-09	3.74855e-06	0.273	20.0714	20	1e-05	1e-05	1e-05	
0.0176477	19.6365	0.283762	0.10439	0.0462782	1.02483e-06	0.0043	0.000175392	6.39528e-06	2.23845e-08	1.37986	0.0101428	4	0.000295206	4.63757e-05	3.37545e-05	8.60596e-05	0.000122731	6.76241e-05	2.04209e-05	2.14064e-05	0.016	0.39	1.7	6.74238e-05	122.541	10.6986	0.016	1.92726	8.55532e-10	1.22113e-10	1.12369e-07	0.273	147.459	20	1e-05	1e-05	1e-05	
0.124091	19.3977	0.751314	1.51733	0.669296	7.13317e-06	0.0043	0.00082014	2.68527e-05	2.00091e-07	1.38582	0.00417727	4	0.00222056	0.000349809	0.000451829	0.000549756	0.000597709	0.000230252	7.48498e-05	3.75297e-05	0.016	0.39	1.7	6.74813e-05	260.393	10.1246	0.016	26.9962	2.79137e-08	1.32731e-09	3.84735e-07	0.273	9.60685	20	1e-05	1e-05	1e-05	
0.107016	18.6724	0.687265	0.579256	0.256099	9.43206e-06	0.0043	0.000642291	2.38471e-05	3.29384e-07	1.38634	0.00365651	4	0.00239549	0.000310087	0.000258349	0.00248317	0.000884532	0.000318381	0.00011303	6.65698e-05	0.016	0.39	1.7	6.66564e-05	254.678	10.2057	0.016	10.3529	1.67337e-08	9.68688e-10	1.47332e-06	0.273	15.3225	20	1e-05	1e-05	1e-05	
0.142981	18.3035	0.811872	0.460401	0.164596	1.16312e-05	0.0043	0.00058992	2.16491e-05	2.28326e-07	1.38663	0.0033724	4	0.00331157	0.000516314	0.00205583	0.00105321	0.000880033	0.000800027	5.14502e-05	3.39875e-05	0.016	0.39	1.7	0.000339101	247.328	10.0451	0.016	8.1752	9.03576e-09	1.40227e-09	2.64519e-07	0.273	22.672	20	1e-05	1e-05	1e-05	
0.0800985	19.7255	0.604473	0.591671	0.314209	4.8219e-06	0.0043	0.000461106	2.07317e-05	2.10578e-07	1.37801	0.0119865	4	0.00160696	0.000228282	0.000254643	0.0006386	0.000340663	0.000177804	3.78941e-05	3.12516e-05	0.016	0.39	1.7	0.000143491	241.22	10.3154	0.016	10.9085	1.20775e-08	5.84428e-10	1.10546e-06	0.273	28.7802	20	1e-05	1e-05	1e-05	
0.092051	17.2599	0.657211	0.851245	0.316549	9.14006e-06	0.0043	0.00072814	2.44094e-05	2.68235e-07	1.38584	0.00415578	4	0.00248562	0.000395528	0.00106755	0.000947877	0.000701588	0.000572267	0.000170215	8.08775e-05	0.016	0.39	1.7	0.000165927	244.805	10.2507	0.016	15.0435	1.32317e-08	7.29531e-10	2.58991e-07	0.273	25.1951	20	1e-05	1e-05	1e-05	
0.811444	14.5994	1.68304	2.62083	1.05428	2.17267e-05	0.0043	0.00153878	5.61462e-05	3.58122e-06	1.38709	0.00291188	4	0.0165204	0.00284466	0.0160293	3.62537e-08	1.02645e-05	0.000852386	0.000435591	0.000237478	0.016	0.39	1.7	0.0005951	257.444	8.50552	0.016	47.3828	1.36732e-07	1.23778e-08	4.09398e-06	0.273	12.556	20	1e-05	1e-05	1e-05	
1.46298	12.1438	2.09559	2.65243	1.21868	4.59197e-05	0.0043	0.00127372	3.86395e-05	2.59518e-06	1.3861	0.0039016	4	0.014746	0.00249841	0.0106877	1.09884e-10	1.02908e-05	0.00133405	0.000416949	0.000240821	0.016	0.39	1.7	0.000294523	264.907	7.44143	0.016	48.4745	3.43083e-07	2.94884e-08	7.17341e-06	0.273	5.09288	20	1e-05	1e-05	1e-05	
0.112286	18.3714	0.688722	0.683125	0.285623	1.05994e-05	0.0043	0.00069212	2.28331e-05	1.53677e-07	1.38857	0.0014344	4	0.00283015	0.000456678	0.00125096	0.00124231	0.000679319	0.000508875	7.46017e-05	6.04101e-05	0.016	0.39	1.7	0.000388004	250.856	10.199	0.016	13.0665	7.05474e-09	6.24775e-10	3.00612e-07	0.273	19.1445	20	1e-05	1e-05	1e-05	
0.0869996	18.4671	0.633571	0.698245	0.301331	4.90237e-06	0.0043	0.000312705	1.31107e-05	9.158e-08	1.38599	0.00400665	4	0.00137837	0.000258608	0.000368986	0.000735431	0.000270718	0.0001868	4.99247e-05	3.42869e-05	0.016	0.39	1.7	6.71805e-05	231.674	10.2794	0.016	12.1937	1.34037e-08	1.12363e-09	2.12284e-06	0.273	38.3263	20	1e-05	1e-05	1e-05	
0.0239464	20.204	0.335798	0.233358	0.103187	1.11226e-06	0.0043	0.000150764	5.99192e-06	9.72096e-09	1.38684	0.00315936	4	0.000257456	4.14639e-05	2.02979e-05	0.000293784	0.000175889	0.000108113	9.41279e-06	1.15872e-05	0.016	0.39	1.7	4.9938e-05	176.782	10.6403	0.016	4.48518	1.1853e-09	1.07628e-10	1.08796e-07	0.273	93.2177	20	1e-05	1e-05	1e-05	
0.701981	15.0285	1.65808	1.78193	0.677483	3.05617e-05	0.0043	0.00216501	8.29224e-05	2.31596e-06	1.38661	0.00339102	4	0.0140312	0.00256534	0.0140092	3.2667e-08	9.18469e-06	0.00139223	0.000293892	0.000232185	0.016	0.39	1.7	0.000326836	255.592	8.63994	0.016	31.6698	5.76326e-08	4.16411e-09	1.20601e-06	0.273	14.4084	20	1e-05	1e-05	1e-05	
0.121537	17.2936	0.752419	0.525307	0.196881	1.05153e-05	0.0043	0.0010604	3.15264e-05	2.40447e-07	1.38522	0.00477998	4	0.00297641	0.000468442	0.00106457	0.000606718	0.00120193	0.000475394	3.52783e-05	9.47828e-05	0.016	0.39	1.7	0.000186887	226.817	10.126	0.016	9.48458	4.78298e-09	3.81152e-10	1.99576e-07	0.273	43.1827	20	1e-05	1e-05	1e-05	
0.13583	17.8463	0.776716	1.76607	0.733652	4.30803e-06	0.0043	0.000941585	3.67632e-05	1.28527e-07	1.38311	0.00689279	4	0.00208041	0.000325734	0.00092444	0.00149718	0.00104278	0.000243271	0.000180187	4.32218e-05	0.016	0.39	1.7	0.000111905	257.146	10.0875	0.016	30.4888	3.21186e-08	1.13272e-09	6.03286e-07	0.273	12.8542	20	1e-05	1e-05	1e-05	
1.10829	14.8181	1.981	2.53366	1.0031	2.45796e-05	0.0043	0.00199051	7.76597e-05	5.5516e-06	1.38159	0.00840527	4	0.0220597	0.00327365	0.019871	4.55011e-10	1.01127e-05	0.00153904	0.000307495	0.000231581	0.016	0.39	1.7	0.00075529	256.51	7.91071	0.016	45.9722	2.43163e-07	2.29529e-08	2.54195e-05	0.273	13.49	20	1e-05	1e-05	1e-05	
0.152471	18.8474	0.803116	0.837938	0.328299	1.13823e-05	0.0043	0.000896201	2.89676e-05	3.39693e-07	1.38773	0.0022694	4	0.00257537	0.000336971	0.000703406	0.00206763	0.00106566	0.000523433	4.56943e-05	5.02141e-05	0.016	0.39	1.7	0.000514249	217.772	10.0444	0.016	15.0691	1.17441e-08	8.85257e-10	7.08961e-08	0.273	52.2278	20	1e-05	1e-05	1e-05	
0.0650399	20.2277	0.55132	0.647139	0.28599	2.629e-06	0.0043	0.000177592	7.08471e-06	4.39229e-08	1.38679	0.00321233	4	0.000711777	0.000116691	0.000134583	0.000488835	0.000347292	0.000145748	2.3194e-05	4.29699e-05	0.016	0.39	1.7	7.25257e-05	220.253	10.3836	0.016	11.503	1.62535e-08	1.03857e-09	1.69917e-07	0.273	49.7467	20	1e-05	1e-05	1e-05	
1.20413	9.50684	1.94716	1.91187	0.759232	4.56245e-05	0.0043	0.00331641	0.000115218	1.73798e-06	1.38547	0.00452964	4	0.0122995	0.0021459	0.0114317	1.15812e-09	9.18499e-06	0.0011794	0.000414312	0.000268731	0.016	0.39	1.7	0.000230677	255.424	7.84871	0.016	34.6201	9.45452e-08	8.91397e-09	1.19832e-05	0.273	14.5756	20	1e-05	1e-05	1e-05	
0.0140511	17.8878	0.259464	0.0962385	0.0443476	8.53212e-07	0.0043	0.00017249	6.74224e-06	1.83074e-08	1.38302	0.00698407	4	0.000307864	4.4153e-05	3.23574e-05	0.000101141	0.000125312	6.29035e-05	1.96516e-05	7.65272e-06	0.016	0.39	1.7	4.83794e-05	117.805	10.7265	0.016	1.61892	1.27321e-09	1.43488e-10	3.60107e-08	0.273	152.195	20	1e-05	1e-05	1e-05	
0.103143	19.7736	0.716646	0.782092	0.319782	5.04017e-06	0.0043	0.000716578	1.99845e-05	1.33032e-07	1.38287	0.00712702	4	0.0018603	0.000363909	0.000411086	0.00144517	0.000635253	0.000511353	7.24701e-05	5.35279e-05	0.016	0.39	1.7	0.000181159	255.02	10.1802	0.016	13.2271	1.07603e-08	7.46404e-10	2.52474e-07	0.273	14.9799	20	1e-05	1e-05	1e-05	
0.13051	16.6422	0.717217	0.485822	0.178836	6.09337e-06	0.0043	0.000788241	3.02844e-05	2.18885e-07	1.38589	0.00410977	4	0.00288742	0.000414465	0.00033685	0.00170738	0.00107442	0.000289582	0.000120947	0.000107482	0.016	0.39	1.7	7.06289e-05	205.434	10.1523	0.016	8.51281	1.41839e-08	2.98192e-09	7.19717e-07	0.273	64.566	20	1e-05	1e-05	1e-05	
0.193518	16.4555	0.929354	0.508976	0.183634	1.14674e-05	0.0043	0.00095803	4.24757e-05	6.05438e-07	1.38518	0.00481772	4	0.00534601	0.000950644	0.00190267	0.000977848	0.000844268	0.000941159	0.000206227	0.000121643	0.016	0.39	1.7	0.000216087	236.731	9.87713	0.016	8.75485	9.44879e-09	1.51758e-09	7.87189e-07	0.273	33.2685	20	1e-05	1e-05	1e-05	
0.191116	16.6054	0.895151	0.854836	0.333429	1.92553e-05	0.0043	0.00131516	3.35095e-05	5.5894e-07	1.38166	0.00833946	4	0.00653967	0.000981111	0.00160804	0.000553385	0.00159755	0.000543783	9.32756e-05	0.000106498	0.016	0.39	1.7	0.000298393	252.717	9.91373	0.016	14.2818	3.31654e-08	3.16642e-09	1.8373e-06	0.273	17.2833	20	1e-05	1e-05	1e-05	
0.19308	16.7354	0.935581	0.768493	0.303038	9.44832e-06	0.0043	0.000925348	2.87816e-05	1.9651e-07	1.37279	0.0172128	4	0.0030503	0.000438621	0.000989099	0.000791814	0.00125248	0.000291997	8.03152e-05	9.3485e-05	0.016	0.39	1.7	0.000180859	255.707	9.87134	0.016	13.9747	2.80946e-08	2.7602e-09	6.32614e-07	0.273	14.2933	20	1e-05	1e-05	1e-05	
0.218956	19.8933	0.976802	1.12618	0.530039	1.04634e-05	0.0043	0.00105219	3.81946e-05	3.14539e-07	1.38174	0.00825636	4	0.00389209	0.000666232	0.0023213	0.000714073	0.00118209	0.000477289	6.83923e-05	9.79206e-05	0.016	0.39	1.7	0.000271593	255.86	9.80424	0.016	19.829	2.64199e-08	2.23869e-09	8.05354e-07	0.273	14.1403	20	1e-05	1e-05	1e-05	
0.206965	18.2387	0.939477	1.09585	0.404849	1.31321e-05	0.0043	0.00055771	1.62373e-05	3.05033e-07	1.386	0.00400341	4	0.00237475	0.000241554	0.000467679	0.00141454	0.00184081	0.000363982	9.83783e-05	0.00013761	0.016	0.39	1.7	0.000126113	260.433	9.85356	0.016	19.7651	4.09097e-08	2.48606e-09	6.04266e-07	0.273	9.56703	20	1e-05	1e-05	1e-05	
0.165278	19.033	0.841437	0.515834	0.196939	1.0772e-05	0.0043	0.0012486	4.54625e-05	2.37072e-07	1.38217	0.00783063	4	0.00232858	0.000392231	0.000389124	0.000600181	0.00126883	0.000544532	8.99812e-05	6.17276e-05	0.016	0.39	1.7	0.000252455	195.837	9.99328	0.016	9.02374	8.8201e-08	4.70356e-09	9.8701e-07	0.273	74.1631	20	1e-05	1e-05	1e-05	
0.185168	19.299	0.914931	1.10732	0.594901	1.60508e-05	0.0043	0.00109949	3.82004e-05	3.06939e-07	1.38749	0.00250848	4	0.00359226	0.000505772	0.00128305	0.00174866	0.000591753	0.00089622	9.48972e-05	9.54919e-05	0.016	0.39	1.7	0.000209233	224.555	9.8999	0.016	19.5868	9.9823e-09	8.42674e-10	1.37546e-06	0.273	45.4452	20	1e-05	1e-05	1e-05	
1.15665	15.4134	2.02857	5.6477	2.6373	3.26794e-05	0.0043	0.00322671	0.000124195	2.54671e-06	1.38623	0.00376598	4	0.0139559	0.00239727	0.0123138	4.58396e-10	1.11897e-05	0.00127316	0.000488619	0.000183243	0.016	0.39	1.7	0.000720277	265.686	7.81478	0.016	96.6135	2.11111e-07	2.02405e-08	5.98754e-06	0.273	4.31436	20	1e-05	1e-05	1e-05	
0.721905	16.978	1.68861	2.45043	0.869962	3.22597e-05	0.0043	0.00245407	7.04031e-05	2.28635e-06	1.38647	0.00352982	4	0.0148388	0.00223916	0.0059387	6.64417e-09	1.02351e-05	0.00108928	0.000452983	0.000252801	0.016	0.39	1.7	0.00131866	258.449	8.58949	0.016	42.2567	2.74125e-08	2.21848e-09	3.40114e-06	0.273	11.5508	20	1e-05	1e-05	1e-05	
0.0517752	19.7812	0.50208	0.319879	0.130674	4.04718e-06	0.0043	0.000608532	1.89979e-05	1.07521e-07	1.38022	0.00977728	4	0.00113384	0.000167074	0.000202927	0.00024684	0.000598029	0.00012977	5.4305e-05	5.87952e-05	0.016	0.39	1.7	0.000128409	196.726	10.4461	0.016	5.55412	3.78637e-09	4.09308e-10	5.58572e-07	0.273	73.2742	20	1e-05	1e-05	1e-05	
0.703189	16.4204	1.64998	1.56204	0.690816	1.90941e-05	0.0043	0.00176429	6.40901e-05	2.5467e-06	1.38773	0.00227091	4	0.0129135	0.00184686	0.00848186	5.12407e-08	8.76757e-06	0.000951631	0.000524083	0.000396581	0.016	0.39	1.7	0.000412556	254.043	8.64683	0.016	27.1094	4.5727e-08	5.88384e-09	1.81866e-06	0.273	15.9566	20	1e-05	1e-05	1e-05	
0.730111	14.7277	1.65462	4.21281	1.78485	4.14462e-05	0.0043	0.00363596	0.000128903	4.37016e-06	1.38354	0.00645802	4	0.0262024	0.00454039	0.0343046	3.55789e-08	9.88866e-06	0.00141061	0.000368607	0.000277563	0.016	0.39	1.7	0.00118399	264.073	8.61527	0.016	74.8161	1.21561e-07	9.97874e-09	6.67724e-06	0.273	5.92678	20	1e-05	1e-05	1e-05	
1.25846	11.4695	2.02873	3.67715	1.38577	7.07424e-05	0.0043	0.00420237	0.000155778	8.94241e-06	1.38562	0.00438173	4	0.0273236	0.00463904	0.0113629	3.42907e-10	1.0558e-05	0.00209724	0.000569363	0.000640087	0.016	0.39	1.7	0.00167461	267.474	7.71282	0.016	64.5328	1.04047e-07	5.49985e-09	1.31577e-06	0.273	2.52625	20	1e-05	1e-05	1e-05	
0.18959	18.354	0.895595	1.05586	0.442905	7.68093e-06	0.0043	0.00119078	4.43221e-05	4.53182e-07	1.37011	0.0198931	4	0.00245006	0.000470838	0.00141008	0.000171213	0.000965423	0.000638743	0.000134827	5.80073e-05	0.016	0.39	1.7	0.000135369	254.748	9.91481	0.016	18.6633	1.53631e-08	9.55852e-10	3.47184e-07	0.273	15.2522	20	1e-05	1e-05	1e-05	
0.116291	15.1613	0.737718	1.02589	0.383728	1.37382e-05	0.0043	0.000575676	2.67208e-05	2.07822e-07	1.38597	0.00403075	4	0.00399915	0.000676137	0.00110907	0.00236733	0.000446426	0.000403476	0.000141077	0.000100085	0.016	0.39	1.7	0.000151803	247.907	10.146	0.016	18.5437	2.26002e-08	2.22995e-09	4.00692e-07	0.273	22.0932	20	1e-05	1e-05	1e-05	
0.126267	16.2336	0.730447	0.665938	0.27257	1.86633e-05	0.0043	0.000845488	2.89652e-05	2.65902e-07	1.36449	0.0255054	4	0.00407898	0.000630732	0.00126882	0.000154225	0.000721749	0.000255164	7.96289e-05	9.88088e-05	0.016	0.39	1.7	0.000440294	247.247	10.1433	0.016	12.0125	7.5022e-09	5.67217e-10	3.80466e-07	0.273	22.7526	20	1e-05	1e-05	1e-05	
0.124343	18.5713	0.746081	1.03567	0.457382	5.11307e-06	0.0043	0.000592912	2.21914e-05	2.70369e-07	1.3809	0.00910335	4	0.00177497	0.000270895	0.0004771	0.000124889	0.000288605	0.000214226	9.82015e-05	2.93358e-05	0.016	0.39	1.7	5.84347e-05	257.786	10.1296	0.016	18.4704	4.18226e-09	8.55691e-10	3.2117e-07	0.273	12.2139	20	1e-05	1e-05	1e-05	
0.189187	14.219	0.921102	0.948175	0.357274	1.97116e-05	0.0043	0.00170077	7.64283e-05	6.05751e-07	1.3825	0.00749964	4	0.00442097	0.000711466	0.00187664	0.00151009	0.00132321	0.000399045	0.000131711	0.000160158	0.016	0.39	1.7	0.000420102	250.659	9.88971	0.016	16.9172	4.23187e-09	7.22839e-10	3.43827e-07	0.273	19.3408	20	1e-05	1e-05	1e-05	
0.698568	17.539	1.68856	1.24671	0.605779	2.51856e-05	0.0043	0.00155042	5.1715e-05	1.3982e-06	1.38396	0.00604246	4	0.00985512	0.00149063	0.00476699	1.72812e-08	9.61722e-06	0.000800663	0.000185437	0.000205279	0.016	0.39	1.7	0.000402048	243.181	8.61287	0.016	24.0474	7.87262e-08	5.76507e-09	2.26543e-06	0.273	26.8191	20	1e-05	1e-05	1e-05	
1.23101	17.6162	2.02426	3.77956	1.55345	1.55408e-05	0.0043	0.00131043	3.8989e-05	1.77875e-06	1.3781	0.0119035	4	0.00709265	0.0012483	0.00541685	2.99326e-10	9.93297e-06	0.00093931	0.000139609	0.000351313	0.016	0.39	1.7	0.000465246	265.029	7.74473	0.016	65.0515	1.25853e-07	1.22079e-08	4.21703e-06	0.273	4.971	20	1e-05	1e-05	1e-05	
0.0903695	19.699	0.611245	0.4802	0.227641	7.23509e-06	0.0043	0.000720159	2.36179e-05	1.20331e-07	1.38488	0.0051202	4	0.002406	0.000498263	0.000596841	0.000522234	0.000390371	0.000412969	6.38052e-05	0.000112247	0.016	0.39	1.7	0.000202084	204.939	10.2984	0.016	8.63649	5.41917e-09	3.4565e-10	5.4967e-08	0.273	65.0605	20	1e-05	1e-05	1e-05	
0.160735	17.0558	0.890011	0.436989	0.183285	1.02648e-05	0.0043	0.0005681	2.43538e-05	1.57538e-07	1.37878	0.0112197	4	0.00237212	0.000321646	0.000568452	0.000581119	0.00132598	0.000363622	8.5616e-05	3.88527e-05	0.016	0.39	1.7	0.000262501	242.826	9.94925	0.016	8.0666	1.27136e-08	7.26122e-10	6.93503e-07	0.273	27.1738	20	1e-05	1e-05	1e-05	
0.105545	17.7832	0.726157	0.773108	0.313432	8.13926e-06	0.0043	0.000541161	2.11752e-05	1.32492e-07	1.38677	0.00323201	4	0.0020616	0.000272377	0.000573932	0.00105805	0.00042922	0.000367314	4.40408e-05	6.86158e-05	0.016	0.39	1.7	0.000108261	252.898	10.1683	0.016	14.3905	4.32904e-09	4.70638e-10	2.43659e-07	0.273	17.102	20	1e-05	1e-05	1e-05	
0.900979	12.8762	1.85128	2.21102	0.895745	2.20502e-05	0.0043	0.00156926	6.00066e-05	1.40439e-06	1.37898	0.0110238	4	0.0101	0.00177993	0.0101873	2.59219e-09	9.6605e-06	0.000776	0.000395674	0.000104907	0.016	0.39	1.7	0.000624867	264.109	8.24774	0.016	39.5044	6.10977e-08	9.27445e-09	6.71955e-06	0.273	5.89117	20	1e-05	1e-05	1e-05	
0.0897355	18.8288	0.662809	0.689146	0.335239	7.91983e-06	0.0043	0.000632734	2.02053e-05	1.31574e-07	1.3848	0.00520129	4	0.00158545	0.00024414	0.000405216	0.000590179	0.000353329	0.000176192	5.08806e-05	6.55102e-05	0.016	0.39	1.7	5.69711e-05	254.279	10.2475	0.016	11.2283	9.42468e-09	7.3996e-10	1.44973e-07	0.273	15.7209	20	1e-05	1e-05	1e-05	
0.0711582	18.811	0.565488	0.470943	0.194228	1.43257e-05	0.0043	0.000403651	1.13831e-05	2.33346e-07	1.38648	0.00352368	4	0.00171499	0.00026085	0.000143241	0.00119923	0.000788417	0.000181206	4.00345e-05	0.000108063	0.016	0.39	1.7	0.000129954	179.191	10.3634	0.016	8.11996	5.02996e-09	3.3309e-10	3.20302e-07	0.273	90.8088	20	1e-05	1e-05	1e-05	
0.10753	18.3602	0.681688	0.309668	0.126632	5.47016e-06	0.0043	0.000509779	1.79735e-05	1.24752e-07	1.38243	0.00756668	4	0.00227542	0.000370573	0.000345851	0.000218845	0.000304846	0.000230373	7.81864e-05	4.95821e-05	0.016	0.39	1.7	0.000125255	189.48	10.2108	0.016	5.92485	1.3889e-08	1.34565e-09	9.4586e-07	0.273	80.5197	20	1e-05	1e-05	1e-05	
0.238064	16.4401	0.959521	0.946629	0.360901	1.41567e-05	0.0043	0.00240902	9.52376e-05	1.06584e-06	1.38514	0.00486108	4	0.00655934	0.00107847	0.00257763	0.00139817	0.00149394	0.000763751	6.29327e-05	0.000217881	0.016	0.39	1.7	0.00018622	231.994	9.80242	0.016	16.9585	5.35283e-08	2.92447e-09	2.82779e-06	0.273	38.0058	20	1e-05	1e-05	1e-05	
0.0709298	15.9462	0.571524	0.388646	0.193357	3.26234e-06	0.0043	0.00055049	2.66397e-05	1.28062e-07	1.3828	0.0072004	4	0.00144598	0.000221024	0.00026499	0.000485557	0.000351326	0.000111658	8.8276e-05	2.45754e-05	0.016	0.39	1.7	0.000123177	234.894	10.3575	0.016	7.02676	9.69301e-09	4.92251e-10	1.5031e-06	0.273	35.106	20	1e-05	1e-05	1e-05	
0.140572	17.0628	0.791671	1.06902	0.550087	1.26511e-05	0.0043	0.000536283	2.31244e-05	1.3301e-07	1.38775	0.00225321	4	0.00222606	0.000307924	0.000543064	0.00374394	0.00222997	0.000393343	5.52314e-05	0.000118413	0.016	0.39	1.7	0.000144436	256.447	10.0678	0.016	20.1202	2.3115e-08	1.46325e-09	2.14018e-06	0.273	13.5534	20	1e-05	1e-05	1e-05	
0.251342	19.1504	1.04306	0.810388	0.385634	4.9307e-06	0.0043	0.000512945	1.61199e-05	2.02958e-07	1.38646	0.00353784	4	0.0019002	0.000383476	0.00104657	0.00087539	0.000278718	0.00088218	0.000117738	7.50535e-05	0.016	0.39	1.7	0.000279207	201.57	9.7056	0.016	14.4815	3.95043e-09	3.30213e-10	5.35427e-08	0.273	68.4299	20	1e-05	1e-05	1e-05	
0.159462	14.2196	0.789715	1.10287	0.392301	9.49193e-06	0.0043	0.000708497	2.85155e-05	3.47252e-07	1.38703	0.00297001	4	0.0025235	0.000470589	0.00189951	0.00131109	0.00106628	0.000775358	5.77368e-05	5.22913e-05	0.016	0.39	1.7	0.000161401	260.899	10.0508	0.016	19.3986	3.90941e-08	1.33924e-09	3.23654e-07	0.273	9.10128	20	1e-05	1e-05	1e-05	
0.0950612	17.9532	0.657298	1.03656	0.524251	5.45233e-06	0.0043	0.000640557	2.87938e-05	1.61731e-07	1.3858	0.00420004	4	0.00185513	0.000316196	0.000670348	0.000672928	0.000682562	0.000551317	6.60533e-05	0.00016282	0.016	0.39	1.7	0.000203805	260.336	10.2476	0.016	18.9616	2.30984e-08	1.38026e-09	2.14949e-07	0.273	9.66354	20	1e-05	1e-05	1e-05	
0.130043	17.5127	0.75482	0.719909	0.272622	1.55193e-05	0.0043	0.00171786	6.11175e-05	2.27373e-07	1.38561	0.00438505	4	0.00395184	0.000623185	0.001659	0.000498853	0.000507383	0.00056163	0.000158001	8.4253e-05	0.016	0.39	1.7	0.000253562	236.757	10.1151	0.016	13.0096	3.75101e-08	2.83637e-09	2.47085e-06	0.273	33.2433	20	1e-05	1e-05	1e-05	
0.73961	15.2156	1.8035	2.46579	0.875568	2.94881e-05	0.0043	0.00207854	7.80689e-05	2.05892e-06	1.3863	0.00369778	4	0.00981444	0.00175269	0.0114458	4.48562e-09	1.05094e-05	0.00108608	0.000448025	0.000311427	0.016	0.39	1.7	0.000587183	264.062	8.45689	0.016	42.4603	4.89037e-08	4.63935e-09	2.99084e-06	0.273	5.93788	20	1e-05	1e-05	1e-05	
0.107932	18.0179	0.663455	1.23419	0.531679	9.068e-06	0.0043	0.000700101	2.54347e-05	1.24943e-07	1.38716	0.00284061	4	0.00158813	0.000269973	0.000435472	0.000708326	0.000587012	0.00030018	4.09578e-05	5.07511e-05	0.016	0.39	1.7	0.000257231	264.305	10.2286	0.016	22.1384	1.09461e-08	6.62033e-10	5.29755e-07	0.273	5.6954	20	1e-05	1e-05	1e-05	
0.725882	11.0123	1.63385	1.68061	0.632382	4.2229e-05	0.0043	0.00393064	0.000138016	3.15195e-06	1.3792	0.0108013	4	0.0169548	0.0029799	0.0100545	3.99663e-08	9.77459e-06	0.0023796	0.000223636	0.000255024	0.016	0.39	1.7	0.000362832	251.793	8.64027	0.016	30.1711	4.49673e-08	5.064e-09	1.07352e-05	0.273	18.2075	20	1e-05	1e-05	1e-05	
0.225848	16.797	0.975185	0.728806	0.248305	2.23607e-05	0.0043	0.00148496	6.075e-05	8.07853e-07	1.38327	0.00673251	4	0.00675113	0.000998221	0.0014781	0.000489302	0.0019404	0.000981037	0.000148464	0.000260092	0.016	0.39	1.7	0.000237625	211.374	9.79897	0.016	13.1942	1.45397e-08	1.03406e-09	1.95898e-07	0.273	58.6264	20	1e-05	1e-05	1e-05	
0.181995	16.5041	0.90007	0.583137	0.204042	1.67927e-05	0.0043	0.00126052	4.62274e-05	2.9766e-07	1.38285	0.00714563	4	0.00335723	0.000618941	0.00244716	0.000684381	0.000740974	0.000236237	9.08564e-05	6.76035e-05	0.016	0.39	1.7	0.000573583	238.255	9.91793	0.016	10.6635	1.44997e-08	1.93725e-09	2.55581e-06	0.273	31.7454	20	1e-05	1e-05	1e-05	
0.141119	18.3053	0.813545	0.665356	0.267022	1.03814e-05	0.0043	0.00098644	3.10383e-05	2.68008e-07	1.37593	0.014071	4	0.00360002	0.000452118	0.00175919	0.000600921	0.00197613	0.00113687	0.000120839	0.000142724	0.016	0.39	1.7	0.000253011	226.782	10.0453	0.016	12.5166	1.74068e-08	1.16524e-09	1.74694e-07	0.273	43.2176	20	1e-05	1e-05	1e-05	
0.138077	17.7729	0.773755	0.347259	0.127003	1.05506e-05	0.0043	0.000663941	2.20754e-05	4.34011e-07	1.38645	0.00354612	4	0.00340936	0.000646243	0.00105897	0.00329474	0.00067178	0.000239863	0.00011208	0.000104919	0.016	0.39	1.7	0.00023141	252.756	10.0882	0.016	6.19978	2.57243e-09	4.19038e-10	1.46462e-07	0.273	17.2439	20	1e-05	1e-05	1e-05	
0.1191	18.0771	0.759463	0.607947	0.24865	8.60952e-06	0.0043	0.000625171	1.81067e-05	1.01556e-07	1.38781	0.00219465	4	0.00124393	0.000179687	0.000416084	0.00324702	0.000457866	0.000125407	3.65762e-05	4.1085e-05	0.016	0.39	1.7	8.01908e-05	243.48	10.1214	0.016	11.0688	3.9191e-09	2.88429e-10	1.34123e-07	0.273	26.5197	20	1e-05	1e-05	1e-05	
0.0770269	19.1612	0.612885	0.541531	0.201155	3.65523e-06	0.0043	0.000749279	3.05007e-05	1.77506e-07	1.37907	0.0109267	4	0.00121281	0.000211786	0.000123297	0.000112826	0.000391906	0.000530353	5.13974e-05	7.15149e-05	0.016	0.39	1.7	0.000205372	235.013	10.3101	0.016	9.92258	5.56109e-09	3.15028e-10	2.05887e-07	0.273	34.9866	20	1e-05	1e-05	1e-05	
0.638294	17.4802	1.57131	2.48534	1.06371	2.20718e-05	0.0043	0.00183046	5.15665e-05	1.72275e-06	1.38341	0.00659498	4	0.0123822	0.00171746	0.0094154	4.76762e-08	1.03181e-05	0.000641962	0.000291465	0.000223562	0.016	0.39	1.7	0.000364179	264.998	8.79039	0.016	41.6637	3.37147e-08	6.05614e-09	1.22633e-06	0.273	5.00165	20	1e-05	1e-05	1e-05	
0.691413	18.4824	1.65499	2.5861	1.08512	1.43027e-05	0.0043	0.001504	4.53328e-05	1.12443e-06	1.38752	0.00247613	4	0.00505158	0.000784293	0.00373966	3.94324e-08	9.72551e-06	0.000516357	0.000308067	0.000258309	0.016	0.39	1.7	0.000261361	255.336	8.6536	0.016	45.2152	1.55925e-07	8.8249e-09	7.95493e-06	0.273	14.664	20	1e-05	1e-05	1e-05	
0.109521	20.1696	0.715665	0.306277	0.119416	3.0896e-06	0.0043	0.000197228	8.46362e-06	8.6639e-08	1.38852	0.00148115	4	0.00094155	0.000180063	0.000211054	0.00149983	0.00033446	0.00017523	3.68249e-05	1.86058e-05	0.016	0.39	1.7	8.13294e-05	179.225	10.1748	0.016	5.31385	2.29594e-09	3.09917e-10	1.8835e-07	0.273	90.7749	20	1e-05	1e-05	1e-05	
0.152799	18.9304	0.808786	0.711668	0.306265	1.07914e-05	0.0043	0.000817851	4.00727e-05	3.79853e-07	1.38847	0.00153225	4	0.00243364	0.00034831	0.00174772	0.00144426	0.00102097	0.000332121	0.000105854	3.68541e-05	0.016	0.39	1.7	0.000194276	242.145	10.0384	0.016	12.8129	2.75378e-09	4.15039e-10	2.32962e-07	0.273	27.8545	20	1e-05	1e-05	1e-05	
0.116677	18.9666	0.742149	1.09237	0.433394	1.11334e-05	0.0043	0.000384038	1.1205e-05	1.55622e-07	1.38813	0.00187082	4	0.00223467	0.000305045	0.000848817	0.00456447	0.00157908	0.000228255	5.18178e-05	3.80534e-05	0.016	0.39	1.7	0.000110049	255.798	10.1412	0.016	19.7909	1.80642e-08	2.45497e-09	1.30975e-06	0.273	14.2021	20	1e-05	1e-05	1e-05	
0.806933	16.4174	1.74656	1.37984	0.558524	2.50906e-05	0.0043	0.00116596	2.94814e-05	3.03871e-06	1.38671	0.00329434	4	0.0206594	0.00367039	0.0223687	7.32648e-09	9.47106e-06	0.00193533	0.000529148	0.000443873	0.016	0.39	1.7	0.000884353	252.579	8.44651	0.016	24.1741	1.24504e-07	5.80474e-09	3.8871e-06	0.273	17.4214	20	1e-05	1e-05	1e-05	
0.124869	17.569	0.724736	0.348158	0.121419	1.2553e-05	0.0043	0.00135025	3.68318e-05	2.46319e-07	1.38557	0.0044277	4	0.00391332	0.000801425	0.00198718	0.00142441	0.000338095	0.0005256	0.000136893	9.06853e-05	0.016	0.39	1.7	0.00034909	242.738	10.1504	0.016	6.30792	2.63196e-08	3.423e-09	1.63346e-06	0.273	27.2615	20	1e-05	1e-05	1e-05	
0.152892	15.6719	0.837337	1.12899	0.529195	1.00946e-05	0.0043	0.00107088	3.89695e-05	2.74905e-07	1.38743	0.00257121	4	0.00249311	0.000358313	0.000671379	0.00209801	0.000569823	0.00048197	8.94161e-05	0.000148378	0.016	0.39	1.7	0.000460311	247.18	10.0098	0.016	20.4857	6.91851e-09	4.75156e-10	2.46433e-07	0.273	22.8198	20	1e-05	1e-05	1e-05	
0.920122	15.4216	1.80124	1.36396	0.543076	4.03377e-05	0.0043	0.00235878	8.46708e-05	2.08024e-06	1.38855	0.00145097	4	0.0123991	0.00239904	0.00731193	1.43888e-08	9.94207e-06	0.00197414	0.000362809	0.0003681	0.016	0.39	1.7	0.000742894	260.436	8.27864	0.016	24.9124	6.38165e-08	5.74133e-09	4.67373e-06	0.273	9.56444	20	1e-05	1e-05	1e-05	
0.159874	18.635	0.826433	0.631697	0.291319	1.69033e-05	0.0043	0.00105062	4.14629e-05	3.22291e-07	1.38529	0.00470506	4	0.0046396	0.000683213	0.00119879	0.00141889	0.00199475	0.000450167	0.000124532	9.53074e-05	0.016	0.39	1.7	0.000253366	255.974	10.0137	0.016	11.2672	4.63033e-09	5.03193e-10	2.13923e-07	0.273	14.0259	20	1e-05	1e-05	1e-05	
0.157706	19.4228	0.875992	0.616253	0.271758	8.91845e-06	0.0043	0.000560443	2.07358e-05	3.18788e-07	1.3877	0.00230257	4	0.00348395	0.000544158	0.000492838	0.00145295	0.000924186	0.000273468	7.30459e-05	9.81884e-05	0.016	0.39	1.7	7.33683e-05	245.406	9.9663	0.016	11.0496	4.93339e-09	4.65153e-10	3.33546e-07	0.273	24.5936	20	1e-05	1e-05	1e-05	
0.839795	15.9892	1.78422	2.15531	1.00572	2.51028e-05	0.0043	0.00132186	4.97376e-05	1.52523e-06	1.38803	0.00196839	4	0.00984835	0.00164606	0.00832154	1.23211e-08	1.00341e-05	0.00130112	0.000196968	0.000127466	0.016	0.39	1.7	0.000958669	254.468	8.37598	0.016	38.0822	2.495e-07	8.26398e-09	5.58743e-06	0.273	15.5321	20	1e-05	1e-05	1e-05	
0.214806	16.0441	0.956406	1.58024	0.713623	1.12327e-05	0.0043	0.00084164	3.40551e-05	4.56698e-07	1.3826	0.00740238	4	0.00516379	0.00101235	0.00221091	0.0004923	0.00112533	0.000847269	8.20879e-05	0.000114569	0.016	0.39	1.7	0.000710285	254.612	9.82879	0.016	27.5098	7.25191e-09	1.07109e-09	2.74827e-07	0.273	15.3877	20	1e-05	1e-05	1e-05	
0.143065	19.7191	0.822719	0.836126	0.382319	1.08248e-05	0.0043	0.00129587	6.60143e-05	2.58625e-07	1.38643	0.00357438	4	0.00297512	0.000521545	0.00157926	0.000501689	0.000334481	0.000378419	0.00012803	0.000106568	0.016	0.39	1.7	0.000140646	232.311	10.0342	0.016	15.3075	4.56575e-08	2.30769e-09	1.10098e-06	0.273	37.6889	20	1e-05	1e-05	1e-05	
0.170841	18.302	0.821913	1.22284	0.424512	2.11742e-05	0.0043	0.00248093	9.17462e-05	3.95799e-07	1.38294	0.00706123	4	0.00470809	0.000922793	0.00124289	0.000611642	0.00117029	0.00120123	0.000237109	0.000171413	0.016	0.39	1.7	0.000441534	230.596	10.0072	0.016	21.552	3.23869e-08	2.14208e-09	1.1492e-06	0.273	39.4037	20	1e-05	1e-05	1e-05	
0.0761884	16.9271	0.603792	0.392058	0.172718	7.35432e-06	0.0043	0.000560682	2.28097e-05	1.26891e-07	1.38229	0.0077119	4	0.00115619	0.000194402	0.000143941	0.000529123	0.00057795	0.000209412	2.995e-05	3.71891e-05	0.016	0.39	1.7	0.000173589	228.332	10.32	0.016	6.92575	1.0579e-08	6.697e-10	4.4316e-07	0.273	41.6678	20	1e-05	1e-05	1e-05	
0.120179	19.5408	0.733046	0.654014	0.266041	5.43783e-06	0.0043	0.000580784	2.30484e-05	2.54224e-07	1.38739	0.00260958	4	0.00196872	0.000305939	0.000246242	0.00126257	0.000728445	0.000369696	0.000118228	3.09753e-05	0.016	0.39	1.7	7.53516e-05	246.974	10.1468	0.016	11.516	1.47511e-08	8.43176e-10	3.98534e-07	0.273	23.0259	20	1e-05	1e-05	1e-05	
0.127891	18.0616	0.784381	0.63705	0.248158	8.37059e-06	0.0043	0.000515105	2.0729e-05	1.29026e-07	1.38518	0.00481825	4	0.00181608	0.000295799	0.000599584	0.00118169	0.000730736	0.000302085	5.3608e-05	0.000130319	0.016	0.39	1.7	0.000176869	262.897	10.0877	0.016	11.4907	1.35441e-08	1.07018e-09	9.12236e-07	0.273	7.10342	20	1e-05	1e-05	1e-05	
0.0823422	21.5645	0.633099	0.735173	0.340596	5.42888e-06	0.0043	0.000300814	1.09615e-05	1.6001e-07	1.38528	0.00471899	4	0.0010156	0.00014982	0.000296035	0.000443454	0.000510333	0.000131671	6.19992e-05	3.14619e-05	0.016	0.39	1.7	4.99402e-05	239.435	10.2846	0.016	13.0943	3.57558e-08	1.45338e-09	4.8555e-07	0.273	30.565	20	1e-05	1e-05	1e-05	
1.67977	11.1948	2.25506	8.33133	3.70596	3.16802e-05	0.0043	0.00251019	9.76218e-05	3.21299e-06	1.37552	0.0144758	4	0.011869	0.00177563	0.00753046	4.17461e-11	9.02757e-06	0.000968732	0.000546985	0.000382694	0.016	0.39	1.7	0.000492069	266.296	7.06517	0.016	147.324	1.73209e-07	6.81839e-09	9.84924e-07	0.273	3.70431	20	1e-05	1e-05	1e-05	
0.0708848	17.011	0.589657	0.296739	0.125623	7.28092e-06	0.0043	0.000690218	2.58788e-05	1.01558e-07	1.38412	0.00588301	4	0.00107207	0.000193819	0.000216636	0.000254997	0.000694394	0.00030678	6.70548e-05	3.07956e-05	0.016	0.39	1.7	4.31888e-05	181.574	10.3395	0.016	4.83795	9.32543e-09	5.64386e-10	2.48071e-07	0.273	88.4263	20	1e-05	1e-05	1e-05	
0.170326	16.6674	0.856096	1.03576	0.453025	4.46417e-06	0.0043	0.00063553	2.89459e-05	3.38335e-07	1.37749	0.0125065	4	0.00218131	0.000365536	0.000535519	0.000429462	0.00103355	0.000321873	8.0547e-05	4.40314e-05	0.016	0.39	1.7	0.000209469	240.514	9.97358	0.016	17.8861	7.63937e-09	9.46366e-10	8.62244e-07	0.273	29.4863	20	1e-05	1e-05	1e-05	
0.175927	17.0031	0.883639	0.450753	0.141125	1.80567e-05	0.0043	0.00201274	7.5317e-05	3.58317e-07	1.38508	0.00491699	4	0.00335578	0.000470375	0.00121141	0.000873196	0.000479933	0.000700392	0.000240968	0.000122104	0.016	0.39	1.7	0.000679501	218.692	9.94043	0.016	7.69477	2.04777e-08	1.26951e-09	3.59105e-06	0.273	51.3082	20	1e-05	1e-05	1e-05	
0.0968538	18.9728	0.657597	0.453996	0.176741	8.56666e-06	0.0043	0.000591846	2.61558e-05	2.43011e-07	1.38633	0.00366868	4	0.00219213	0.000317928	0.000322693	0.000612283	0.000724506	0.00047347	0.000172318	0.000152409	0.016	0.39	1.7	0.000103064	233.1	10.2455	0.016	7.54796	2.23612e-08	1.07464e-09	3.69435e-07	0.273	36.8995	20	1e-05	1e-05	1e-05	
0.108849	18.9527	0.672928	0.594246	0.259066	9.64395e-06	0.0043	0.000548319	1.57706e-05	1.53994e-07	1.38533	0.00466597	4	0.00214711	0.000314277	0.000518834	0.000960764	0.000641836	0.000360879	0.000107217	5.70016e-05	0.016	0.39	1.7	0.000111979	216.93	10.2182	0.016	10.2219	7.33707e-09	6.62516e-10	5.27816e-07	0.273	53.0702	20	1e-05	1e-05	1e-05	
0.0943522	18.879	0.658014	0.329504	0.110637	1.21737e-05	0.0043	0.00076892	3.45216e-05	2.1167e-07	1.38363	0.00636877	4	0.00318587	0.000496701	0.000381463	0.000997318	0.000388299	0.00049743	7.36904e-05	4.97154e-05	0.016	0.39	1.7	0.000154473	219.095	10.2476	0.016	5.70632	5.27938e-09	7.36199e-10	7.6613e-08	0.273	50.9048	20	1e-05	1e-05	1e-05	
0.116355	15.8373	0.714593	0.354546	0.0959489	1.92537e-05	0.0043	0.000702312	3.14084e-05	2.94919e-07	1.38059	0.0094052	4	0.00369938	0.000667387	0.00139928	0.000384789	0.000706881	0.00052902	0.00013976	6.78263e-05	0.016	0.39	1.7	0.000251334	216.381	10.1691	0.016	6.14647	1.5116e-08	1.07019e-09	1.97018e-07	0.273	53.6193	20	1e-05	1e-05	1e-05	
0.0952657	17.8898	0.613553	0.454775	0.229611	8.65919e-06	0.0043	0.00107117	4.45292e-05	2.34502e-07	1.38502	0.00498136	4	0.00308932	0.000572325	0.000891949	0.000649371	0.00114847	0.000323502	7.72972e-05	4.72038e-05	0.016	0.39	1.7	0.000169273	238.079	10.2912	0.016	8.12924	6.89773e-09	1.0547e-09	6.91802e-07	0.273	31.9208	20	1e-05	1e-05	1e-05	
0.107371	18.8841	0.684497	0.674905	0.321224	4.88848e-06	0.0043	0.000531333	2.19336e-05	1.40345e-07	1.38635	0.00365225	4	0.00160386	0.000241535	0.00062218	0.000286647	0.000532312	0.000350984	6.23251e-05	4.05086e-05	0.016	0.39	1.7	0.000165243	230.411	10.2081	0.016	12.3366	1.96642e-08	2.42979e-09	8.90238e-07	0.273	39.5888	20	1e-05	1e-05	1e-05	
0.170169	15.6816	0.825223	0.754634	0.378056	5.8731e-06	0.0043	0.000570835	1.95916e-05	1.4056e-07	1.38341	0.00658927	4	0.00111295	0.000194546	0.000310423	0.000275536	0.000383909	0.000359411	3.9858e-05	7.76555e-05	0.016	0.39	1.7	0.00012129	229.251	10.0046	0.016	13.957	1.26563e-08	7.49836e-10	1.21233e-06	0.273	40.7493	20	1e-05	1e-05	1e-05	
0.170645	16.9952	0.85666	1.11018	0.544306	1.20332e-05	0.0043	0.000535712	1.84147e-05	4.80168e-07	1.38829	0.00170648	4	0.00533524	0.000940126	0.00255075	0.00601275	0.000907629	0.000433029	0.000166239	0.00010196	0.016	0.39	1.7	0.000230775	258.341	9.9727	0.016	20.1402	2.51066e-08	8.62156e-10	2.92639e-07	0.273	11.6592	20	1e-05	1e-05	1e-05	
0.0744701	18.6728	0.579354	0.243667	0.0780293	6.91794e-06	0.0043	0.000568307	2.20324e-05	3.00052e-07	1.38571	0.00429465	4	0.0021123	0.000335916	0.000605754	0.00259952	0.000271232	0.000504203	0.000152096	6.88147e-05	0.016	0.39	1.7	0.000153662	205.578	10.3462	0.016	4.32873	5.05435e-09	2.94376e-10	1.76266e-07	0.273	64.4218	20	1e-05	1e-05	1e-05	
0.898787	13.4657	1.77606	2.39934	0.947816	6.48559e-05	0.0043	0.00370273	0.000148909	6.00333e-06	1.38116	0.00884005	4	0.0255348	0.00475072	0.0221569	4.13034e-09	1.03726e-05	0.00200278	0.00043151	0.000338757	0.016	0.39	1.7	0.0013255	258.612	8.32515	0.016	42.2454	1.28584e-07	9.30487e-09	4.41559e-06	0.273	11.3883	20	1e-05	1e-05	1e-05	
0.0839866	17.4154	0.600354	0.291445	0.131554	3.41335e-06	0.0043	0.000472168	1.62368e-05	1.14927e-07	1.38389	0.00611344	4	0.00102864	0.000179999	0.000218102	0.000310074	0.000581963	0.000143247	4.28288e-05	1.70443e-05	0.016	0.39	1.7	3.32919e-05	191.841	10.3157	0.016	5.2307	6.37973e-09	6.43668e-10	4.73241e-07	0.273	78.1592	20	1e-05	1e-05	1e-05	
0.0583902	17.0358	0.51809	0.294806	0.121722	4.41574e-06	0.0043	0.000324863	1.17447e-05	1.73084e-07	1.38314	0.00685672	4	0.00143294	0.000235484	0.000143088	0.000537558	0.000264898	0.000252288	8.34107e-05	2.69705e-05	0.016	0.39	1.7	6.37418e-05	189.223	10.4235	0.016	5.47332	6.51675e-09	2.98398e-10	4.3238e-07	0.273	80.7767	20	1e-05	1e-05	1e-05	
0.178018	16.0723	0.867553	0.563053	0.236077	1.16867e-05	0.0043	0.000636994	2.7546e-05	3.73205e-07	1.38556	0.00444361	4	0.00253238	0.000344221	0.000846366	0.000260395	0.00132086	0.000795039	6.23411e-05	9.67424e-05	0.016	0.39	1.7	0.000199563	234.241	9.95443	0.016	10.3141	3.01805e-08	2.09139e-09	2.1962e-06	0.273	35.7591	20	1e-05	1e-05	1e-05	
0.0895671	15.9691	0.631904	0.821034	0.297378	6.67402e-06	0.0043	0.000723972	2.66081e-05	1.44754e-07	1.38768	0.00232449	4	0.00132446	0.000203647	0.000310796	0.000729512	0.000813522	0.000309021	5.01461e-05	5.83183e-05	0.016	0.39	1.7	0.00029729	227.527	10.2785	0.016	15.1358	2.18803e-08	1.9698e-09	2.20571e-06	0.273	42.4732	20	1e-05	1e-05	1e-05	
0.857231	15.1115	1.75077	2.84127	1.37941	2.55086e-05	0.0043	0.00251188	8.86579e-05	1.55844e-06	1.38514	0.00485593	4	0.0135589	0.00202655	0.0118084	6.75771e-09	9.91247e-06	0.00175881	0.000191769	0.000212122	0.016	0.39	1.7	0.000808441	261.769	8.392	0.016	51.804	7.26719e-08	5.44451e-09	2.30168e-06	0.273	8.2308	20	1e-05	1e-05	1e-05	
0.0715202	19.9178	0.580292	0.851473	0.397362	3.27585e-06	0.0043	0.000621554	2.37269e-05	9.72751e-08	1.38186	0.00814135	4	0.00077727	0.000160709	0.000108695	0.000194047	0.000967134	0.000135937	5.04138e-05	2.96431e-05	0.016	0.39	1.7	9.50139e-05	217.217	10.3482	0.016	15.2328	1.82759e-08	1.12248e-09	1.19743e-06	0.273	52.7833	20	1e-05	1e-05	1e-05	
0.172255	19.4391	0.913134	0.643114	0.229886	1.80964e-05	0.0043	0.00125179	5.00702e-05	3.86806e-07	1.38567	0.00432628	4	0.00382372	0.000658182	0.00141592	0.000582547	0.00090853	0.000489079	8.72167e-05	7.48419e-05	0.016	0.39	1.7	0.00038593	242.461	9.91461	0.016	11.5825	9.07747e-09	5.10967e-10	4.05853e-07	0.273	27.5387	20	1e-05	1e-05	1e-05	
0.943312	14.1927	1.94629	2.73696	1.38767	3.57965e-05	0.0043	0.00154186	5.99228e-05	1.29952e-06	1.38183	0.00817164	4	0.0107979	0.00190965	0.00611669	7.18821e-10	1.03041e-05	0.00140282	0.000195423	0.000262987	0.016	0.39	1.7	0.000299971	266.511	8.1104	0.016	50.7324	9.59851e-08	8.99274e-09	5.49864e-06	0.273	3.48938	20	1e-05	1e-05	1e-05	
0.713686	14.7125	1.73421	1.66622	0.562493	2.435e-05	0.0043	0.00287967	0.000101666	2.1214e-06	1.38621	0.00379	4	0.0154967	0.00296833	0.00679387	1.14939e-08	9.67385e-06	0.00168011	0.000386699	0.000517986	0.016	0.39	1.7	0.000457963	254.909	8.5521	0.016	29.8502	1.581e-07	6.4642e-09	1.07896e-05	0.273	15.091	20	1e-05	1e-05	1e-05	
0.0467848	18.4716	0.477074	0.648747	0.345711	3.72873e-06	0.0043	0.000453557	1.54194e-05	6.61934e-08	1.36939	0.0206069	4	0.000579666	7.20733e-05	5.85127e-05	6.4927e-05	0.000130492	0.000257891	2.17597e-05	6.21757e-05	0.016	0.39	1.7	0.00014827	224.527	10.4761	0.016	11.2118	1.39207e-09	1.61299e-10	4.0335e-08	0.273	45.4733	20	1e-05	1e-05	1e-05	
0.183758	17.5945	0.881105	1.4391	0.56956	3.20866e-05	0.0043	0.0022145	7.24717e-05	2.84093e-07	1.37914	0.0108551	4	0.00279674	0.000419352	0.00160743	0.000195246	0.00128733	0.000414041	6.03695e-05	0.000125112	0.016	0.39	1.7	0.000647308	242.318	9.93514	0.016	26.3137	1.79401e-08	1.65394e-09	5.58847e-07	0.273	27.6816	20	1e-05	1e-05	1e-05	
1.30289	15.3146	2.19309	2.31297	1.04459	3.00197e-05	0.0043	0.00232349	8.51674e-05	3.09023e-06	1.3875	0.00249864	4	0.0122796	0.00239242	0.00708372	4.07439e-11	1.04664e-05	0.000562015	0.000167797	0.000271725	0.016	0.39	1.7	0.0012492	255.721	7.50402	0.016	41.5654	1.34564e-07	8.76171e-09	7.55858e-06	0.273	14.2786	20	1e-05	1e-05	1e-05	
0.855703	14.2976	1.8668	2.26839	0.909798	2.92129e-05	0.0043	0.00205041	8.90269e-05	3.33533e-06	1.38858	0.00141847	4	0.0261425	0.00401149	0.0105733	2.68874e-09	1.04714e-05	0.00197625	0.000992553	0.000438352	0.016	0.39	1.7	0.00148155	263.922	8.2775	0.016	39.6998	2.06063e-08	2.54804e-09	6.11268e-07	0.273	6.07847	20	1e-05	1e-05	1e-05	
0.929914	12.2056	1.82358	1.66363	0.595015	4.72193e-05	0.0043	0.00394055	0.000137173	4.6962e-06	1.3821	0.00790427	4	0.0220418	0.00315372	0.0207734	6.84395e-09	9.53022e-06	0.00567374	0.000228743	0.000113542	0.016	0.39	1.7	0.000891578	256.139	8.24651	0.016	29.8469	6.9288e-08	4.0683e-09	4.4488e-06	0.273	13.8608	20	1e-05	1e-05	1e-05	
0.164733	17.9513	0.854994	0.649286	0.230306	1.71839e-05	0.0043	0.00135021	4.10341e-05	3.39893e-07	1.38119	0.0088065	4	0.00382133	0.000569734	0.000942869	0.000666971	0.0004283	0.000847851	0.000163466	0.000150488	0.016	0.39	1.7	0.000465172	198.544	9.98027	0.016	12.0929	7.65406e-09	7.49555e-10	2.22695e-07	0.273	71.4561	20	1e-05	1e-05	1e-05	
0.141573	18.1682	0.771606	0.331506	0.126343	7.12287e-06	0.0043	0.00162741	6.26667e-05	2.67171e-07	1.38666	0.00333877	4	0.00234809	0.00036826	0.000610103	0.000686595	0.00118191	0.000411683	5.23075e-05	2.56593e-05	0.016	0.39	1.7	0.0003199	218.827	10.0868	0.016	5.95385	9.58005e-09	8.76441e-10	4.95258e-07	0.273	51.1726	20	1e-05	1e-05	1e-05	
0.128563	18.0051	0.751164	0.362905	0.164747	5.32877e-06	0.0043	0.000920139	2.56608e-05	1.70533e-07	1.38678	0.00322363	4	0.00183153	0.000322262	0.000468263	0.000634128	0.00075983	0.000451789	6.73574e-05	2.67692e-05	0.016	0.39	1.7	0.000198211	205.711	10.1203	0.016	6.0129	3.68041e-08	1.719e-09	5.73379e-07	0.273	64.2892	20	1e-05	1e-05	1e-05	
1.09701	13.1008	1.93713	2.1837	0.916845	2.59675e-05	0.0043	0.00251265	7.46684e-05	5.37031e-06	1.38055	0.00945064	4	0.0227532	0.0048148	0.0176343	5.47506e-10	1.0879e-05	0.00141072	0.000616873	0.000276368	0.016	0.39	1.7	0.000580539	264.231	7.96586	0.016	39.2425	1.82606e-07	1.50206e-08	1.21156e-05	0.273	5.76888	20	1e-05	1e-05	1e-05	
0.854837	14.4745	1.84661	3.41116	1.49145	3.29609e-05	0.0043	0.00158182	6.69845e-05	3.46769e-06	1.38619	0.00380619	4	0.0161885	0.00252611	0.0122994	3.52692e-09	1.00481e-05	0.000899527	0.000256298	0.000252634	0.016	0.39	1.7	0.0006607	261.138	8.29856	0.016	59.2641	8.72943e-08	3.79525e-09	2.45986e-06	0.273	8.86242	20	1e-05	1e-05	1e-05	
0.0946745	18.5199	0.672027	0.533265	0.216988	5.32689e-06	0.0043	0.000809196	3.52516e-05	8.40634e-08	1.3848	0.00520281	4	0.000973189	0.000174837	0.000216637	0.000421502	0.000558494	0.000349673	0.000107033	2.93062e-05	0.016	0.39	1.7	8.38549e-05	230.614	10.2333	0.016	9.5039	7.61426e-09	6.51584e-10	5.3185e-07	0.273	39.3856	20	1e-05	1e-05	1e-05	
0.117357	19.4344	0.74036	0.683406	0.28113	6.25127e-06	0.0043	0.000379276	1.38048e-05	1.53045e-07	1.37769	0.0123051	4	0.0017691	0.000295641	0.000191517	0.00035103	0.000777268	0.000125939	6.78404e-05	3.24845e-05	0.016	0.39	1.7	0.000243004	253.895	10.1423	0.016	12.8478	1.6652e-08	5.99901e-10	1.77303e-06	0.273	16.1046	20	1e-05	1e-05	1e-05	
0.135477	19.24	0.782138	0.423623	0.178964	1.67122e-05	0.0043	0.00186674	8.31266e-05	1.84932e-07	1.38672	0.00327849	4	0.00325788	0.000566933	0.00176524	0.000720492	0.000404229	0.000497013	0.0001646	0.000198254	0.016	0.39	1.7	0.000208435	252.288	10.0824	0.016	7.58485	3.80914e-08	5.67177e-09	4.95011e-06	0.273	17.7117	20	1e-05	1e-05	1e-05	
0.568158	14.8485	1.48268	2.07099	0.920426	3.10197e-05	0.0043	0.00321083	0.000116425	1.83985e-06	1.38157	0.00842548	4	0.0133477	0.00236596	0.00930092	2.97603e-07	9.84717e-06	0.00115761	0.000533092	0.000469444	0.016	0.39	1.7	0.000278188	259.14	8.94916	0.016	35.8516	1.05013e-07	5.36643e-09	1.05647e-06	0.273	10.86	20	1e-05	1e-05	1e-05	
1.1238	10.1811	2.0378	1.98634	0.718455	2.49206e-05	0.0043	0.00326477	0.00011776	5.50764e-06	1.38429	0.00571113	4	0.0253444	0.00399116	0.0146211	3.35511e-10	1.02846e-05	0.00196205	0.000295599	0.000988409	0.016	0.39	1.7	0.00109427	264.307	7.83841	0.016	37.2427	1.04178e-07	7.81828e-09	3.26366e-06	0.273	5.6935	20	1e-05	1e-05	1e-05	
0.102555	19.4032	0.667657	0.254248	0.104	4.73719e-06	0.0043	0.000505639	1.57492e-05	1.42598e-07	1.37998	0.0100202	4	0.00118217	0.000180886	0.000229291	0.000297615	0.000174974	0.000156325	5.41429e-05	3.88284e-05	0.016	0.39	1.7	9.42766e-05	215.008	10.2298	0.016	4.4872	5.72637e-09	5.29588e-10	9.49241e-08	0.273	54.9925	20	1e-05	1e-05	1e-05	
0.676085	17.1438	1.57766	2.25153	0.805614	5.3681e-05	0.0043	0.00276104	0.00010067	1.70186e-06	1.38756	0.00243582	4	0.012394	0.00223959	0.0101238	8.58642e-08	9.43948e-06	0.00193901	0.000527836	0.000589547	0.016	0.39	1.7	0.000588568	264.606	8.74626	0.016	40.2485	1.1367e-07	1.07583e-08	5.55801e-06	0.273	5.39387	20	1e-05	1e-05	1e-05	
1.07632	18.8011	2.00404	2.29609	1.03585	2.28343e-05	0.0043	0.00198387	6.70615e-05	3.55811e-06	1.37734	0.0126638	4	0.0138969	0.00241439	0.0108124	3.68126e-10	9.56789e-06	0.00148679	0.000342982	0.000418508	0.016	0.39	1.7	0.000467214	255.968	7.91963	0.016	40.861	1.55999e-07	8.42714e-09	2.28217e-06	0.273	14.0319	20	1e-05	1e-05	1e-05	
0.117137	19.1996	0.692648	0.70151	0.284371	9.22229e-06	0.0043	0.00186112	6.17742e-05	2.83936e-07	1.38054	0.00946204	4	0.00235837	0.000357826	0.00132356	0.000435442	0.000962994	0.000229472	0.000113595	9.93711e-05	0.016	0.39	1.7	4.76703e-05	250.927	10.1902	0.016	12.2219	1.92218e-08	1.66272e-09	6.52745e-07	0.273	19.0733	20	1e-05	1e-05	1e-05	
0.0613158	20.5382	0.539606	0.393935	0.192974	2.18339e-06	0.0043	0.000344408	1.53181e-05	9.08157e-08	1.3846	0.0053995	4	0.00129998	0.000213889	0.000616615	7.61208e-05	0.000408057	0.00049085	3.08475e-05	9.26272e-05	0.016	0.39	1.7	0.00021717	236.721	10.3991	0.016	6.98227	1.58084e-09	2.46374e-10	1.72406e-07	0.273	33.279	20	1e-05	1e-05	1e-05	
1.11131	15.1249	1.95036	2.66025	1.0619	6.51031e-05	0.0043	0.00615257	0.000240498	1.6993e-06	1.37666	0.0133371	4	0.0141737	0.00255362	0.0147324	1.16345e-09	1.03151e-05	0.00154432	0.000329158	0.000315992	0.016	0.39	1.7	0.000738328	263.405	7.93832	0.016	47.3766	9.86225e-08	6.96844e-09	1.28224e-06	0.273	6.59521	20	1e-05	1e-05	1e-05	
0.0785754	19.2306	0.593945	0.290144	0.103052	5.01586e-06	0.0043	0.000811252	2.72975e-05	1.64135e-07	1.378	0.0120006	4	0.00174863	0.000268674	0.000357845	0.000175108	0.000205106	0.000340737	5.49032e-05	3.0995e-05	0.016	0.39	1.7	0.000161378	230.216	10.3275	0.016	5.04172	2.43042e-09	2.65864e-10	2.27033e-07	0.273	39.7843	20	1e-05	1e-05	1e-05	
0.153162	20.6386	0.830252	1.00928	0.46636	7.75575e-06	0.0043	0.00120082	4.01365e-05	1.64824e-07	1.38658	0.00341575	4	0.00178059	0.000308563	0.000254238	0.00217466	0.000758832	0.000429326	8.28277e-05	3.62447e-05	0.016	0.39	1.7	0.000234672	265.196	10.0166	0.016	17.8154	6.03709e-08	3.63554e-09	1.0878e-06	0.273	4.80375	20	1e-05	1e-05	1e-05	
0.113758	20.5003	0.745439	1.1598	0.458031	7.23635e-06	0.0043	0.000960993	2.94969e-05	3.24882e-07	1.3756	0.014399	4	0.00299737	0.000565542	0.00159262	0.000268377	0.000835421	0.000436062	5.85788e-05	7.73792e-05	0.016	0.39	1.7	0.000251544	263.361	10.1408	0.016	19.2789	9.78847e-09	6.94958e-10	2.07485e-06	0.273	6.63894	20	1e-05	1e-05	1e-05	
0.106548	18.1826	0.66415	0.469023	0.17831	7.98732e-06	0.0043	0.00105312	3.62254e-05	4.0375e-07	1.37352	0.0164814	4	0.00180724	0.000381481	0.000914992	0.000220997	0.00181219	0.000563733	0.000141324	8.69888e-05	0.016	0.39	1.7	5.54077e-05	226.691	10.2293	0.016	8.12231	8.89926e-09	1.90355e-09	6.26451e-07	0.273	43.3088	20	1e-05	1e-05	1e-05	
1.21698	12.6968	2.05473	3.2264	1.30959	5.32161e-05	0.0043	0.00402394	0.000124924	4.40084e-06	1.38177	0.00822512	4	0.0251675	0.00558598	0.0337267	2.01473e-10	9.80789e-06	0.00133869	0.000813623	0.000450964	0.016	0.39	1.7	0.000537267	243.982	7.72829	0.016	55.266	2.63018e-08	3.01007e-09	1.5315e-06	0.273	26.0178	20	1e-05	1e-05	1e-05	
0.795752	11.0734	1.70509	6.48096	2.62505	1.47737e-05	0.0043	0.00156358	5.25309e-05	1.60078e-06	1.3755	0.0145021	4	0.0101708	0.00175588	0.00856158	1.04734e-08	9.19144e-06	0.00121061	0.00017451	0.000104637	0.016	0.39	1.7	0.000383088	263.46	8.49916	0.016	116.772	1.00233e-07	7.58602e-09	4.08534e-06	0.273	6.5401	20	1e-05	1e-05	1e-05	
0.103595	17.7371	0.697009	0.470965	0.176768	7.99486e-06	0.0043	0.000844371	3.5062e-05	9.80439e-08	1.38591	0.00409076	4	0.0014729	0.000190703	0.000168677	0.00217577	0.000956365	0.000242547	2.67698e-05	7.79556e-05	0.016	0.39	1.7	0.000277297	231.377	10.1994	0.016	8.19098	1.93852e-09	3.54288e-10	6.00763e-07	0.273	38.6232	20	1e-05	1e-05	1e-05	
0.7946	12.5737	1.67618	0.841982	0.330623	3.11339e-05	0.0043	0.00326098	0.000103417	3.18576e-06	1.37853	0.0114662	4	0.0146432	0.00226696	0.00817126	5.9009e-08	1.00834e-05	0.00108948	0.000311264	0.000588354	0.016	0.39	1.7	0.000708812	245.316	8.52922	0.016	15.1358	2.00413e-07	1.93306e-08	7.77337e-06	0.273	24.6839	20	1e-05	1e-05	1e-05	
0.110942	18.1138	0.714956	0.423428	0.187018	8.35596e-06	0.0043	0.000888436	4.03586e-05	2.02633e-07	1.38585	0.00414676	4	0.0014386	0.000200054	0.000211656	0.000672988	0.000717247	0.000260235	4.99594e-05	3.75323e-05	0.016	0.39	1.7	6.44957e-05	240.624	10.1741	0.016	7.23245	3.22483e-09	3.45641e-10	1.3818e-07	0.273	29.3758	20	1e-05	1e-05	1e-05	
0.803187	15.8584	1.70569	2.23494	0.897509	2.12686e-05	0.0043	0.00162805	5.57361e-05	1.0243e-06	1.38505	0.00495156	4	0.0072435	0.00131649	0.00369736	1.76858e-08	9.59021e-06	0.00156152	0.000183821	0.000251146	0.016	0.39	1.7	0.00171943	255.735	8.49112	0.016	40.9231	8.22749e-08	8.49074e-09	2.4737e-06	0.273	14.2647	20	1e-05	1e-05	1e-05	
0.169333	15.9487	0.832491	0.588266	0.224919	6.47105e-06	0.0043	0.000875764	3.58063e-05	3.53245e-07	1.38325	0.00675339	4	0.00349516	0.000550088	0.00206098	0.00138928	0.00166474	0.000574787	0.00011966	4.44876e-05	0.016	0.39	1.7	0.000144664	218.992	9.99818	0.016	10.5553	2.172e-08	2.00839e-09	2.01421e-06	0.273	51.0083	20	1e-05	1e-05	1e-05	
0.11361	19.593	0.716656	0.964862	0.468306	4.99543e-06	0.0043	0.000458263	1.59046e-05	6.64224e-08	1.385	0.00500249	4	0.00130352	0.000216177	0.000334509	0.000739672	0.000236606	0.000181138	4.26093e-05	7.02516e-05	0.016	0.39	1.7	0.000176686	237.56	10.1697	0.016	16.9251	7.18582e-09	5.56858e-10	7.19044e-07	0.273	32.44	20	1e-05	1e-05	1e-05	
0.156265	18.9079	0.829441	0.98408	0.477487	1.38564e-05	0.0043	0.00116289	4.89432e-05	3.6502e-07	1.38599	0.00400624	4	0.00278499	0.000359193	0.00108417	0.00203445	0.000585492	0.000459332	0.000122194	0.000125815	0.016	0.39	1.7	0.000306148	240.559	10.0143	0.016	17.8685	9.56755e-09	8.19522e-10	8.88789e-07	0.273	29.4409	20	1e-05	1e-05	1e-05	
0.0795718	18.495	0.64735	0.667884	0.27102	2.76178e-06	0.0043	0.000228445	1.07203e-05	6.34792e-08	1.38448	0.00551842	4	0.00113852	0.000164688	7.20824e-05	0.000410759	0.000230453	0.000220055	6.24327e-05	5.21513e-05	0.016	0.39	1.7	4.77535e-05	239.426	10.2731	0.016	12.3273	1.33227e-08	5.9817e-10	3.44831e-07	0.273	30.574	20	1e-05	1e-05	1e-05	
0.966582	8.46163	1.84921	2.41462	1.06949	1.72004e-05	0.0043	0.00240794	8.2913e-05	1.80672e-06	1.38859	0.00141143	4	0.0117331	0.00182527	0.00571973	6.60184e-09	1.01936e-05	0.00125103	0.000389714	0.000217424	0.016	0.39	1.7	0.000791757	254.015	8.18421	0.016	42.9643	1.81217e-07	1.43334e-08	3.85101e-06	0.273	15.9853	20	1e-05	1e-05	1e-05	
0.142032	18.465	0.812306	0.419147	0.189916	9.84308e-06	0.0043	0.00074572	2.08198e-05	2.43215e-07	1.38411	0.00589478	4	0.00321437	0.000535663	0.00152008	0.00138166	0.000529146	0.00061761	0.00015317	8.92241e-05	0.016	0.39	1.7	0.000338738	218.458	10.0457	0.016	7.6802	2.81481e-08	3.2557e-09	8.16369e-07	0.273	51.542	20	1e-05	1e-05	1e-05	
0.126811	15.9138	0.745731	0.825011	0.33619	1.17249e-05	0.0043	0.000989189	3.63626e-05	3.30298e-07	1.36604	0.0239564	4	0.0024783	0.00032733	0.000606913	0.000177611	0.000803657	0.00040648	7.80332e-05	8.83088e-05	0.016	0.39	1.7	7.22804e-05	246	10.1275	0.016	14.5087	5.99124e-09	6.78501e-10	3.82239e-07	0.273	24.0002	20	1e-05	1e-05	1e-05	
0.177795	17.4238	0.927536	0.623764	0.237092	1.22645e-05	0.0043	0.000963141	3.15155e-05	4.38639e-07	1.38249	0.00750517	4	0.00344096	0.000527385	0.000699623	0.000385198	0.000942132	0.000440639	7.7742e-05	0.000115347	0.016	0.39	1.7	0.000252789	236.904	9.89467	0.016	11.1241	1.49477e-08	7.87005e-10	3.47845e-07	0.273	33.0964	20	1e-05	1e-05	1e-05	
1.27729	14.0211	2.03379	2.53341	0.93053	2.99989e-05	0.0043	0.00335342	0.000106955	4.80023e-06	1.38254	0.00746124	4	0.024231	0.00433162	0.00921481	2.14572e-10	1.04279e-05	0.00281761	0.00018353	0.000558022	0.016	0.39	1.7	0.00240214	261.348	7.68892	0.016	48.0928	1.35757e-07	1.86283e-08	7.26027e-06	0.273	8.65215	20	1e-05	1e-05	1e-05	
0.0994293	16.6835	0.702184	0.718909	0.273918	2.84665e-06	0.0043	0.000504104	1.9452e-05	9.99486e-08	1.38567	0.00432943	4	0.00148135	0.000250583	0.00033807	0.00019713	0.000253811	0.000302574	5.93232e-05	4.92987e-05	0.016	0.39	1.7	0.000153822	261.286	10.1984	0.016	13.1154	1.73303e-08	1.11715e-09	1.6995e-06	0.273	8.71444	20	1e-05	1e-05	1e-05	
0.186196	18.4936	0.908256	1.33927	0.583456	1.69307e-05	0.0043	0.00157161	6.87086e-05	2.73421e-07	1.38518	0.00481927	4	0.00272278	0.000380122	0.000863345	0.00145126	0.000785354	0.0005174	8.49191e-05	0.000117661	0.016	0.39	1.7	0.000538522	253.354	9.90555	0.016	25.236	4.42367e-08	2.93406e-09	3.51356e-06	0.273	16.6463	20	1e-05	1e-05	1e-05	
0.0990835	11.2361	0.666844	0.766404	0.328819	7.56132e-06	0.0043	0.000922024	3.92561e-05	2.03068e-07	1.38112	0.00887626	4	0.00236197	0.000363884	0.000178556	0.000590055	0.000796713	0.000322721	5.22473e-05	8.7409e-05	0.016	0.39	1.7	0.000235691	256.506	10.2341	0.016	13.4539	7.91117e-09	3.69439e-10	2.9752e-07	0.273	13.4935	20	1e-05	1e-05	1e-05	
0.125679	16.9119	0.74585	0.876913	0.421126	1.47426e-05	0.0043	0.000653578	2.43701e-05	2.21164e-07	1.3864	0.00360375	4	0.00387921	0.000691223	0.0029855	0.00196531	0.00153948	0.000609333	0.000118131	9.75704e-05	0.016	0.39	1.7	0.000171784	250.936	10.1285	0.016	15.1186	1.45641e-08	1.91786e-09	1.43717e-06	0.273	19.0637	20	1e-05	1e-05	1e-05	
0.972542	13.6283	1.89161	2.31663	0.797998	6.89722e-05	0.0043	0.00336826	0.000124813	4.66955e-06	1.3829	0.00709794	4	0.0194396	0.0034452	0.0116679	8.73519e-10	1.00241e-05	0.00232096	0.000384242	0.000348661	0.016	0.39	1.7	0.00136728	267.368	8.13585	0.016	42.5391	7.71876e-08	4.09834e-09	1.58331e-06	0.273	2.63178	20	1e-05	1e-05	1e-05	
1.12769	15.9732	2.00416	2.49108	0.863568	5.11342e-05	0.0043	0.00315965	0.000133572	4.82081e-06	1.38404	0.00596217	4	0.0251277	0.00510489	0.0195456	6.99264e-10	9.62024e-06	0.00288806	0.000446753	0.000756896	0.016	0.39	1.7	0.00119124	265.892	7.86814	0.016	44.1128	3.7282e-07	1.9352e-08	1.21621e-05	0.273	4.10846	20	1e-05	1e-05	1e-05	
0.0788901	18.7059	0.610118	0.428796	0.201834	3.25794e-06	0.0043	0.000338861	1.24232e-05	9.46072e-08	1.38272	0.007285	4	0.000951615	0.000158133	0.000385626	0.000272797	0.000249171	9.63283e-05	5.0117e-05	1.27755e-05	0.016	0.39	1.7	8.64998e-05	237.525	10.311	0.016	7.6447	5.93071e-09	4.63714e-10	5.84086e-07	0.273	32.4754	20	1e-05	1e-05	1e-05	
0.109264	16.5121	0.684433	0.903217	0.330159	9.38084e-06	0.0043	0.000351137	1.05204e-05	1.00969e-07	1.38592	0.00408468	4	0.00144153	0.000238634	0.000458626	0.00131432	0.000557029	0.000223688	0.000115848	4.91451e-05	0.016	0.39	1.7	8.00283e-05	261.525	10.2063	0.016	15.5363	1.86354e-08	1.56792e-09	1.4252e-06	0.273	8.47514	20	1e-05	1e-05	1e-05	
0.0779277	18.6227	0.582392	0.615149	0.263998	5.16726e-06	0.0043	0.000305352	1.43795e-05	1.34135e-07	1.38128	0.00872166	4	0.0011564	0.000210636	0.00028228	0.00018139	0.000806321	0.000445819	2.15255e-05	1.30562e-05	0.016	0.39	1.7	4.95346e-05	212.403	10.3397	0.016	11.2186	4.87597e-09	7.27756e-10	4.25562e-07	0.273	57.5975	20	1e-05	1e-05	1e-05	
0.176312	17.8546	0.866428	0.712459	0.263463	1.8654e-05	0.0043	0.0016127	6.31779e-05	4.14965e-07	1.38173	0.00826742	4	0.00371201	0.00065102	0.00231091	0.000417509	0.00154589	0.000479372	0.000143134	8.68695e-05	0.016	0.39	1.7	9.91197e-05	209.22	9.95726	0.016	12.7923	9.98127e-09	1.03081e-09	3.03182e-07	0.273	60.7803	20	1e-05	1e-05	1e-05	
0.142124	18.2549	0.85074	0.473669	0.169774	9.88715e-06	0.0043	0.000867127	2.60068e-05	2.75529e-07	1.38618	0.00382111	4	0.00414273	0.000625675	0.0015393	0.000931334	0.00125428	0.00051322	0.000104069	0.000108276	0.016	0.39	1.7	7.04341e-05	226.013	10.0071	0.016	8.7445	2.99987e-08	1.73255e-09	5.20377e-07	0.273	43.987	20	1e-05	1e-05	1e-05	
0.104998	19.4929	0.673008	0.502305	0.202765	6.90123e-06	0.0043	0.000814036	3.42209e-05	1.92227e-07	1.38747	0.00252538	4	0.00200484	0.000306562	0.000496949	0.00162268	0.000406096	0.000429049	5.51222e-05	6.63505e-05	0.016	0.39	1.7	0.000161102	245.552	10.222	0.016	8.70384	1.97123e-08	2.72389e-09	1.72201e-06	0.273	24.4482	20	1e-05	1e-05	1e-05	
0.109504	17.2366	0.677881	0.778877	0.340997	8.59257e-06	0.0043	0.000557118	2.26499e-05	1.4747e-07	1.38368	0.00632288	4	0.00241083	0.000363285	0.00187582	0.00104451	0.000626902	0.000125319	6.25879e-05	6.59959e-05	0.016	0.39	1.7	6.21094e-05	221.04	10.2126	0.016	14.52	5.3652e-09	4.37237e-10	2.35596e-07	0.273	48.9602	20	1e-05	1e-05	1e-05	
0.146619	16.5632	0.779982	0.640698	0.237463	1.70007e-05	0.0043	0.000667089	2.34613e-05	4.91098e-07	1.38433	0.00566531	4	0.00265214	0.000451839	0.000782779	0.00409033	0.00066383	0.000440676	0.000164062	5.66982e-05	0.016	0.39	1.7	0.000569716	235.991	10.0734	0.016	11.6909	9.11741e-09	5.50421e-10	9.56599e-07	0.273	34.0091	20	1e-05	1e-05	1e-05	
1.53428	11.5556	2.20176	5.47192	2.39808	4.54718e-05	0.0043	0.00289193	0.000140378	3.72304e-06	1.38143	0.00856976	4	0.0160715	0.00294934	0.0154459	1.47547e-11	1.04166e-05	0.00212299	0.000314397	0.000341319	0.016	0.39	1.7	0.000471895	268.231	7.26396	0.016	93.2033	2.88158e-07	1.66784e-08	5.18012e-06	0.273	1.76856	20	1e-05	1e-05	1e-05	
0.157373	16.2662	0.852165	0.959398	0.42447	9.59281e-06	0.0043	0.000651752	2.37721e-05	2.83098e-07	1.38596	0.0040398	4	0.0042479	0.000774031	0.0024118	0.000567113	0.000345913	0.000366742	0.000111565	0.000110392	0.016	0.39	1.7	0.000218353	244.276	9.99046	0.016	16.7337	1.34698e-08	1.05925e-09	2.02564e-06	0.273	25.7245	20	1e-05	1e-05	1e-05	
0.142857	17.412	0.803043	0.902422	0.466191	9.26451e-06	0.0043	0.00136533	3.87023e-05	2.12011e-07	1.38291	0.00709412	4	0.00262424	0.000435092	0.00141497	0.000295497	0.00103351	0.000520191	0.000120318	8.82606e-05	0.016	0.39	1.7	0.0003447	247.672	10.0541	0.016	15.9885	1.16028e-08	9.22043e-10	1.09151e-06	0.273	22.3283	20	1e-05	1e-05	1e-05	
0.117367	16.2122	0.738765	0.961765	0.448453	7.20213e-06	0.0043	0.00102799	3.86694e-05	2.50794e-07	1.38364	0.00635901	4	0.00256662	0.000412358	0.000217087	0.000465884	0.00116605	0.000516225	0.00013505	5.9361e-05	0.016	0.39	1.7	0.000324345	256.736	10.1439	0.016	17.3103	1.74252e-08	1.82193e-09	1.93798e-06	0.273	13.2643	20	1e-05	1e-05	1e-05	
0.0354747	20.0106	0.417634	0.559229	0.219659	3.44614e-06	0.0043	0.000194411	7.24396e-06	3.9872e-08	1.38121	0.00878916	4	0.000666386	0.000115235	4.59859e-05	0.000294081	0.000385228	0.000147501	4.32854e-05	3.63901e-05	0.016	0.39	1.7	0.000141345	209.031	10.5469	0.016	10.0132	1.27832e-09	8.87867e-11	7.69486e-08	0.273	60.9688	20	1e-05	1e-05	1e-05	
0.980301	16.5147	1.90527	2.78493	1.17983	1.41899e-05	0.0043	0.00202503	5.61573e-05	1.49932e-06	1.38505	0.00494573	4	0.00990635	0.00170316	0.00752989	1.11028e-09	1.03412e-05	0.00110321	0.000266235	0.000211655	0.016	0.39	1.7	0.000538079	264.65	8.11443	0.016	49.5801	1.65498e-07	1.05444e-08	1.28859e-05	0.273	5.35049	20	1e-05	1e-05	1e-05	
0.651009	17.8193	1.57431	1.8379	0.850571	2.28071e-05	0.0043	0.00191846	8.34575e-05	1.65692e-06	1.38667	0.00332809	4	0.0119808	0.00208893	0.0120767	1.0614e-07	9.50492e-06	0.00192774	0.000385859	0.000190655	0.016	0.39	1.7	0.000461177	262.628	8.77468	0.016	33.6018	1.1838e-07	1.04224e-08	8.84987e-06	0.273	7.37175	20	1e-05	1e-05	1e-05	
0.179327	17.762	0.844737	2.09166	0.99973	1.2857e-05	0.0043	0.000976639	3.96943e-05	2.21799e-07	1.38625	0.00374983	4	0.00243192	0.000429084	0.000426027	0.00136753	0.000813453	0.000271727	0.000117783	3.61378e-05	0.016	0.39	1.7	0.000200526	261.41	9.97594	0.016	37.9404	1.27273e-08	9.10054e-10	2.48601e-06	0.273	8.59038	20	1e-05	1e-05	1e-05	
0.149297	19.6938	0.831324	1.42178	0.55474	1.44412e-05	0.0043	0.000786357	3.17662e-05	3.81406e-07	1.38809	0.00190577	4	0.00384435	0.000785504	0.00169562	0.00133633	0.000257848	0.000556166	0.000159398	7.33601e-05	0.016	0.39	1.7	0.000165919	243.809	10.0194	0.016	24.3886	1.56243e-08	9.24936e-10	7.35562e-07	0.273	26.1905	20	1e-05	1e-05	1e-05	
0.984699	14.9382	2.00733	2.11923	0.835459	3.65247e-05	0.0043	0.00191968	7.25916e-05	2.12031e-06	1.38848	0.00152425	4	0.0116056	0.00194699	0.00950137	2.71235e-10	1.05735e-05	0.0012005	0.000247885	0.000368326	0.016	0.39	1.7	0.000402744	262.746	8.00797	0.016	37.7288	3.34579e-08	2.16223e-09	2.02613e-06	0.273	7.25404	20	1e-05	1e-05	1e-05	
0.110771	17.2802	0.687965	0.276902	0.117323	9.71128e-06	0.0043	0.00105109	3.62128e-05	1.69713e-07	1.37715	0.0128541	4	0.00146575	0.000229279	0.000550661	0.000942692	0.000902257	0.000270864	0.000122378	3.81615e-05	0.016	0.39	1.7	0.000134539	224.514	10.2013	0.016	5.01613	1.8911e-09	1.77078e-10	1.31127e-07	0.273	45.4863	20	1e-05	1e-05	1e-05	
0.104646	17.9842	0.673928	0.394246	0.155656	1.75228e-05	0.0043	0.00108779	3.44359e-05	3.15468e-07	1.38579	0.00421386	4	0.00268109	0.000420036	0.0010333	0.00327129	0.00162923	0.000722289	0.000177543	5.31144e-05	0.016	0.39	1.7	9.91643e-05	191.199	10.2214	0.016	6.98817	1.94278e-08	9.74931e-10	1.01154e-06	0.273	78.8012	20	1e-05	1e-05	1e-05	
0.124817	16.5824	0.744555	0.535583	0.216199	1.19282e-05	0.0043	0.000960252	3.14258e-05	3.02239e-07	1.38105	0.00895479	4	0.00280176	0.000317574	0.000563116	0.000798411	0.00149173	0.000649246	0.000117313	0.000140136	0.016	0.39	1.7	0.00017219	242.056	10.1306	0.016	9.62871	9.78797e-09	6.96569e-10	3.26862e-07	0.273	27.9444	20	1e-05	1e-05	1e-05	
0.0662026	19.3335	0.530501	0.802407	0.374688	8.56638e-06	0.0043	0.000724002	2.79178e-05	1.45112e-07	1.38422	0.00578345	4	0.00145297	0.000185505	0.000343007	0.000299938	0.000587237	0.000309241	6.53039e-05	6.60038e-05	0.016	0.39	1.7	0.000226774	202.111	10.4033	0.016	14.7705	8.12103e-09	8.10201e-10	6.5912e-07	0.273	67.8895	20	1e-05	1e-05	1e-05	
0.116313	18.873	0.724854	0.355664	0.115184	1.21535e-05	0.0043	0.000812378	3.25492e-05	4.06376e-07	1.38561	0.0043924	4	0.00341758	0.000597218	0.00159088	0.000411104	0.000988878	0.00049736	0.000125545	0.000152536	0.016	0.39	1.7	0.000353794	206.428	10.1588	0.016	6.2668	4.66801e-09	4.87454e-10	2.88917e-07	0.273	63.5722	20	1e-05	1e-05	1e-05	
1.08055	14.6765	1.96037	4.10468	1.50639	3.75575e-05	0.0043	0.00284802	0.000109362	4.88057e-06	1.37814	0.0118631	4	0.021535	0.00318769	0.0129106	2.61538e-10	1.01727e-05	0.00158125	0.000462423	0.000186505	0.016	0.39	1.7	0.000937048	261.846	7.95907	0.016	69.6966	2.70479e-07	1.49324e-08	1.50153e-05	0.273	8.15389	20	1e-05	1e-05	1e-05	
0.799739	14.3691	1.75886	0.996156	0.372506	2.38784e-05	0.0043	0.00156936	4.81891e-05	2.07831e-06	1.38744	0.00256034	4	0.00981276	0.00190579	0.0113189	2.60563e-09	1.01516e-05	0.00120175	0.000211084	0.000200119	0.016	0.39	1.7	0.000267618	254.732	8.44141	0.016	18.3433	2.62722e-08	2.13536e-09	8.13221e-07	0.273	15.2679	20	1e-05	1e-05	1e-05	
0.134704	18.0152	0.764221	0.33631	0.12496	1.11718e-05	0.0043	0.0013112	4.06952e-05	3.14766e-07	1.38459	0.00540837	4	0.00378239	0.000571876	0.00133253	0.0014952	0.00127036	0.000212764	8.34356e-05	0.000140313	0.016	0.39	1.7	0.00021004	223.833	10.1011	0.016	6.04239	1.97878e-08	1.17313e-09	1.08727e-06	0.273	46.1674	20	1e-05	1e-05	1e-05	
0.194098	16.1265	0.936184	0.532344	0.232162	1.14283e-05	0.0043	0.00133361	4.45574e-05	3.9991e-07	1.38672	0.00327851	4	0.00336731	0.000593537	0.00216316	0.000673113	0.000990986	0.000458442	0.000128097	0.000124412	0.016	0.39	1.7	0.000152003	242.663	9.86972	0.016	9.56862	3.74999e-08	2.38011e-09	1.47485e-06	0.273	27.3369	20	1e-05	1e-05	1e-05	
1.67751	11.1324	2.23892	3.6294	1.39083	5.65468e-05	0.0043	0.00238842	7.82109e-05	4.16171e-06	1.38846	0.00154184	4	0.0230064	0.00389317	0.0159299	3.2351e-11	8.74772e-06	0.00288056	0.000467608	0.000528006	0.016	0.39	1.7	0.00106426	264.652	7.08357	0.016	64.114	2.40902e-07	2.86938e-08	2.30448e-05	0.273	5.34807	20	1e-05	1e-05	1e-05	
0.123024	19.1457	0.734124	0.718699	0.289931	5.84628e-06	0.0043	0.000513506	2.04155e-05	1.63475e-07	1.38026	0.00974072	4	0.00131319	0.000214735	0.00029896	0.000271649	0.000387391	0.000147267	2.6506e-05	2.98043e-05	0.016	0.39	1.7	6.4157e-05	240.482	10.1429	0.016	13.1848	2.38064e-08	2.99552e-09	8.89993e-07	0.273	29.5178	20	1e-05	1e-05	1e-05	
0.069285	17.6002	0.571445	0.434162	0.209139	3.98735e-06	0.0043	0.000581416	2.10293e-05	8.97491e-08	1.38584	0.00416043	4	0.0011315	0.000178896	0.000341479	0.000374074	0.000687584	0.000429457	0.000104726	5.38644e-05	0.016	0.39	1.7	9.26444e-05	213.003	10.3593	0.016	8.04746	1.19426e-08	8.73312e-10	3.48051e-07	0.273	56.9966	20	1e-05	1e-05	1e-05	
0.217074	16.1567	0.932251	1.4622	0.539281	1.93761e-05	0.0043	0.00130777	5.46708e-05	5.55584e-07	1.38485	0.00515361	4	0.00404618	0.000728995	0.0015461	0.000456769	0.000810187	0.000571566	0.000103501	9.76316e-05	0.016	0.39	1.7	0.000366228	253.479	9.85067	0.016	25.5238	1.05153e-08	1.60158e-09	1.58453e-06	0.273	16.5213	20	1e-05	1e-05	1e-05	
0.0663377	20.457	0.548858	0.43278	0.164341	7.28922e-06	0.0043	0.00052425	1.68299e-05	1.26435e-07	1.38547	0.00452758	4	0.00137737	0.000225623	0.000188009	0.000170951	0.000722651	0.000486578	9.18133e-05	5.93416e-05	0.016	0.39	1.7	0.000135008	165.319	10.3848	0.016	8.15721	3.66914e-09	2.39641e-10	1.00015e-07	0.273	104.681	20	1e-05	1e-05	1e-05	
0.12927	17.6896	0.772487	0.886563	0.38358	8.67439e-06	0.0043	0.000525416	2.11888e-05	2.28445e-07	1.38712	0.00287773	4	0.00213794	0.000405876	0.000678293	0.00163811	0.00130738	0.000183853	4.80096e-05	2.90049e-05	0.016	0.39	1.7	8.69393e-05	227.135	10.0982	0.016	15.397	2.83447e-08	2.25529e-09	1.71408e-06	0.273	42.865	20	1e-05	1e-05	1e-05	
0.130456	19.8097	0.7625	1.13624	0.521438	7.17982e-06	0.0043	0.000655778	1.89631e-05	3.27718e-07	1.38711	0.0028925	4	0.00219273	0.000389819	0.00216059	0.00252666	0.000391491	0.000230122	9.1704e-05	7.72603e-05	0.016	0.39	1.7	0.000101286	217.71	10.107	0.016	20.2116	1.36489e-08	1.15175e-09	8.69289e-07	0.273	52.2905	20	1e-05	1e-05	1e-05	
0.0919434	17.4386	0.645382	0.870874	0.336848	5.50843e-06	0.0043	0.000536492	1.96835e-05	1.17534e-07	1.38521	0.00478949	4	0.00102721	0.000131465	0.000108532	0.000257248	0.00021102	0.000243842	7.10702e-05	4.88015e-05	0.016	0.39	1.7	0.000301808	243.184	10.2627	0.016	14.8503	1.90339e-08	6.89855e-10	1.06484e-07	0.273	26.8161	20	1e-05	1e-05	1e-05	
0.0941115	18.8925	0.640901	0.621469	0.260854	2.44219e-06	0.0043	0.000709121	2.51565e-05	1.84295e-07	1.38697	0.00302633	4	0.00126316	0.000202291	0.000248946	0.000419367	0.000429856	0.000108715	6.25462e-05	1.68171e-05	0.016	0.39	1.7	4.79045e-05	238.79	10.265	0.016	11.3189	1.11196e-08	1.21004e-09	1.29556e-06	0.273	31.2095	20	1e-05	1e-05	1e-05	
0.16567	18.2211	0.832827	1.36264	0.605395	1.10691e-05	0.0043	0.000608383	2.10759e-05	2.84224e-07	1.38207	0.00793332	4	0.00409852	0.000535178	0.000833303	0.000751583	0.000370173	0.000468013	0.000107176	0.000112141	0.016	0.39	1.7	0.000191897	254.64	10.0015	0.016	23.9632	7.04893e-09	5.36817e-10	1.23932e-06	0.273	15.3601	20	1e-05	1e-05	1e-05	
0.146187	19.0729	0.83421	0.939293	0.375387	1.23371e-05	0.0043	0.000814038	3.19855e-05	2.54995e-07	1.38645	0.00354865	4	0.00288579	0.000446081	0.00124468	0.00157951	0.000757962	0.000670857	0.000117041	9.26242e-05	0.016	0.39	1.7	0.000224162	236.671	10.0196	0.016	16.1771	1.60389e-08	1.07684e-09	5.63377e-07	0.273	33.3287	20	1e-05	1e-05	1e-05	
0.0790927	19.0993	0.617104	0.339762	0.152952	6.38938e-06	0.0043	0.000720981	2.94962e-05	1.89188e-07	1.38421	0.00579494	4	0.00234579	0.000391457	0.000892026	0.00035882	0.000329467	0.000222078	5.63283e-05	6.61019e-05	0.016	0.39	1.7	0.000130171	246.077	10.3038	0.016	6.11299	1.7447e-08	9.58886e-10	4.47624e-07	0.273	23.9234	20	1e-05	1e-05	1e-05	
0.10032	17.4006	0.661626	0.19761	0.0742679	6.996e-06	0.0043	0.000569915	2.17616e-05	2.36688e-07	1.38744	0.00255868	4	0.00224067	0.000350938	0.000396273	0.00123459	0.000757812	0.000277739	9.67893e-05	3.96553e-05	0.016	0.39	1.7	9.85534e-05	227.742	10.2381	0.016	3.40426	6.95369e-09	5.51273e-10	2.4564e-07	0.273	42.2584	20	1e-05	1e-05	1e-05	
0.972214	13.9497	1.88862	2.14632	0.762303	2.11962e-05	0.0043	0.00293744	9.75008e-05	3.18166e-06	1.38447	0.00553275	4	0.0140093	0.00226784	0.0123773	1.71892e-09	1.00284e-05	0.00236282	0.000236189	0.000227476	0.016	0.39	1.7	0.000407572	261.444	8.13917	0.016	37.8405	8.49248e-07	2.37065e-08	1.28934e-05	0.272999	8.55566	20	1e-05	1e-05	1e-05	
1.10164	14.7512	1.92332	2.21196	0.901658	3.36833e-05	0.0043	0.00251129	0.000117622	1.03331e-06	1.38729	0.00270789	4	0.00788763	0.00145809	0.0119722	1.73927e-09	1.05694e-05	0.000823362	0.000266432	0.000155173	0.016	0.39	1.7	0.000755912	256.083	7.97504	0.016	38.6975	6.44235e-08	3.90718e-09	4.72137e-06	0.273	13.9169	20	1e-05	1e-05	1e-05	
0.188617	17.1686	0.928834	0.594101	0.225398	1.29358e-05	0.0043	0.00109664	3.51979e-05	3.5848e-07	1.38496	0.00504381	4	0.00334321	0.000523786	0.00143873	0.000672199	0.001837	0.000361305	0.000259022	5.90451e-05	0.016	0.39	1.7	0.000474272	249.619	9.88255	0.016	10.5061	3.64151e-08	2.64265e-09	1.30665e-06	0.273	20.3814	20	1e-05	1e-05	1e-05	
0.0972116	17.9767	0.661207	0.759275	0.278609	6.46393e-06	0.0043	0.000455765	1.82507e-05	2.22913e-07	1.3859	0.00409537	4	0.00173072	0.00024181	0.000381854	0.00218257	0.000339873	0.000202601	9.57713e-05	6.06892e-05	0.016	0.39	1.7	0.000168312	237.285	10.2416	0.016	13.9943	1.81339e-09	2.28347e-10	1.03746e-07	0.273	32.7149	20	1e-05	1e-05	1e-05	
0.0833668	20.1136	0.602208	0.256121	0.139721	4.46131e-06	0.0043	0.000571434	1.8353e-05	1.01033e-07	1.38104	0.0089579	4	0.00144261	0.000245229	0.000368241	0.000218439	0.00071432	0.000124719	5.9851e-05	3.38813e-05	0.016	0.39	1.7	7.94232e-05	210.339	10.3144	0.016	4.63106	2.45456e-08	1.33597e-09	1.02678e-06	0.273	59.6612	20	1e-05	1e-05	1e-05	
0.713497	16.85	1.69914	2.39124	1.02003	2.75605e-05	0.0043	0.00176735	7.75286e-05	1.94979e-06	1.38311	0.00689033	4	0.0112519	0.00238998	0.0107853	2.09299e-08	1.04492e-05	0.000946796	0.000659356	0.00027167	0.016	0.39	1.7	0.00180252	261.784	8.58737	0.016	43.7598	1.53396e-07	4.46894e-09	9.2605e-07	0.273	8.21585	20	1e-05	1e-05	1e-05	
0.137841	20.175	0.792472	0.727627	0.306865	8.84406e-06	0.0043	0.000605326	2.38211e-05	2.9196e-07	1.38757	0.00242994	4	0.00209821	0.000361139	0.00084028	0.00182076	0.000985533	0.000245254	5.61908e-05	8.2827e-05	0.016	0.39	1.7	0.000235157	239.993	10.0697	0.016	13.1925	4.89456e-09	9.65031e-10	4.879e-07	0.273	30.0074	20	1e-05	1e-05	1e-05	
0.0457017	19.8625	0.473387	0.438073	0.157419	3.40995e-06	0.0043	0.000416931	1.43483e-05	1.45959e-07	1.38	0.00999641	4	0.0013522	0.000198073	6.51221e-05	4.08002e-05	7.81742e-05	0.000186739	6.50774e-05	9.84244e-05	0.016	0.39	1.7	0.000335713	247.732	10.4809	0.016	7.93774	1.8343e-09	2.06653e-10	1.54851e-07	0.273	22.268	20	1e-05	1e-05	1e-05	
1.04378	14.741	1.8658	3.25811	1.22538	1.54198e-05	0.0043	0.00178472	7.89036e-05	1.97266e-06	1.38436	0.00564375	4	0.00985242	0.00139686	0.0121412	3.1711e-09	9.63895e-06	0.00123435	0.00041476	0.000241696	0.016	0.39	1.7	0.000398488	265.349	8.09042	0.016	58.0289	3.23084e-07	1.22779e-08	1.52916e-05	0.273	4.65113	20	1e-05	1e-05	1e-05	
0.0563622	17.5986	0.509824	0.51227	0.22268	3.25209e-06	0.0043	0.000276931	1.29129e-05	5.623e-08	1.38358	0.00641847	4	0.000969442	0.000160573	0.000291182	0.000195179	0.000704808	0.000320764	6.50314e-05	2.98632e-05	0.016	0.39	1.7	6.26406e-05	183.578	10.4338	0.016	9.20718	4.12092e-09	3.58927e-10	2.09154e-07	0.273	86.4218	20	1e-05	1e-05	1e-05	
0.0419298	19.6636	0.458602	0.538866	0.230251	4.90607e-06	0.0043	0.000555203	1.4335e-05	1.17122e-07	1.38149	0.00851401	4	0.00115669	0.000163909	8.24682e-05	0.000187446	0.000362602	0.000183748	5.40425e-05	1.97939e-05	0.016	0.39	1.7	9.8446e-05	237.932	10.4995	0.016	10.2748	2.17589e-09	1.76697e-10	4.62232e-08	0.273	32.0684	20	1e-05	1e-05	1e-05	
0.188178	16.8151	0.868212	0.425327	0.132275	1.3541e-05	0.0043	0.00149514	7.01882e-05	3.30898e-07	1.38748	0.00252074	4	0.0030056	0.000499212	0.000846788	0.00398189	0.00157026	0.000646704	0.000194436	0.000143287	0.016	0.39	1.7	5.13969e-05	251.185	9.94361	0.016	7.64117	7.16915e-08	4.06844e-09	2.65549e-06	0.273	18.8147	20	1e-05	1e-05	1e-05	
0.215461	16.8605	0.964055	0.763569	0.325002	8.83212e-06	0.0043	0.00125491	4.81113e-05	3.48633e-07	1.38631	0.0036867	4	0.00328195	0.000640039	0.00343034	0.00224947	0.00209181	0.000478654	0.000188282	7.53685e-05	0.016	0.39	1.7	7.61105e-05	253.613	9.82048	0.016	13.3244	3.43998e-08	2.82683e-09	7.94273e-07	0.273	16.3866	20	1e-05	1e-05	1e-05	
1.53559	12.4428	2.15748	1.80445	0.792856	3.93305e-05	0.0043	0.00408064	9.32999e-05	4.33123e-06	1.382	0.00800108	4	0.0141545	0.00218339	0.0116796	1.93956e-10	9.76431e-06	0.00210005	0.000316165	0.000510999	0.016	0.39	1.7	0.000733642	239.453	7.30693	0.016	32.8534	8.29946e-07	3.30076e-08	1.49832e-05	0.272999	30.5474	20	1e-05	1e-05	1e-05	
0.126027	17.3682	0.775672	1.06409	0.425922	9.72205e-06	0.0043	0.000687771	2.1072e-05	1.56788e-07	1.36775	0.0222488	4	0.00277827	0.000434891	0.000804934	0.000325263	0.00105744	0.000347939	0.000145809	9.43427e-05	0.016	0.39	1.7	0.00017923	230.87	10.0983	0.016	19.3845	1.36824e-08	7.26259e-10	4.821e-07	0.273	39.13	20	1e-05	1e-05	1e-05	
0.106583	16.2525	0.648348	0.678865	0.297068	1.96992e-05	0.0043	0.00109791	3.84987e-05	1.67022e-07	1.38648	0.00351603	4	0.00163459	0.000261213	0.000870119	0.00126228	0.000535995	0.000233531	8.15374e-05	5.07476e-05	0.016	0.39	1.7	0.00014016	233.173	10.2451	0.016	12.764	1.23233e-08	9.46393e-10	4.92329e-07	0.273	36.8275	20	1e-05	1e-05	1e-05	
0.0607437	18.0097	0.521177	0.373941	0.130172	6.18041e-06	0.0043	0.000363145	1.51831e-05	8.16089e-08	1.38818	0.00182226	4	0.00122137	0.000172237	3.56835e-05	0.00056978	0.000285159	0.000253513	4.43556e-05	5.1879e-05	0.016	0.39	1.7	0.000146548	249.924	10.4181	0.016	6.52894	4.54292e-09	5.36983e-10	1.38985e-07	0.273	20.076	20	1e-05	1e-05	1e-05	
0.118171	18.3924	0.720839	0.718531	0.32921	1.51795e-05	0.0043	0.000623656	2.60972e-05	2.75793e-07	1.38651	0.00349298	4	0.00340511	0.000550327	0.000866296	0.00105104	0.00174042	0.000737968	0.000105453	0.00010335	0.016	0.39	1.7	0.000226816	234.971	10.161	0.016	12.7524	4.56804e-08	3.15887e-09	1.43907e-06	0.273	35.0292	20	1e-05	1e-05	1e-05	
0.780324	18.9548	1.64258	1.94265	0.758932	1.58551e-05	0.0043	0.00100655	4.21874e-05	8.34122e-07	1.38689	0.00310517	4	0.00458263	0.000902589	0.00254665	6.93725e-08	1.02611e-05	0.000484648	0.000221992	0.000327241	0.016	0.39	1.7	0.000148714	223.194	8.5771	0.016	34.5853	1.45475e-07	8.36625e-09	4.78024e-06	0.273	46.806	20	1e-05	1e-05	1e-05	
0.1172	18.1482	0.736502	0.308669	0.117526	5.97967e-06	0.0043	0.000913716	2.70675e-05	2.72418e-07	1.38308	0.006925	4	0.00344517	0.000682365	0.000547449	0.000226968	0.000875493	0.000549827	8.17102e-05	0.000127202	0.016	0.39	1.7	0.000266946	237.243	10.1463	0.016	5.398	1.26366e-08	1.12383e-09	3.31107e-07	0.273	32.7574	20	1e-05	1e-05	1e-05	
0.142837	17.1918	0.767126	0.351641	0.142571	1.75299e-05	0.0043	0.00189131	6.68736e-05	1.60503e-07	1.38359	0.00640798	4	0.00258148	0.000446522	0.000928572	0.000380947	0.000811326	0.000253655	0.00012492	0.000128806	0.016	0.39	1.7	0.000175489	210.659	10.09	0.016	6.32709	5.29856e-08	2.43127e-09	2.1242e-06	0.273	59.3409	20	1e-05	1e-05	1e-05	
0.0910853	18.7747	0.609644	0.495272	0.195755	5.90432e-06	0.0043	0.000607434	3.1597e-05	1.35751e-07	1.38219	0.00781312	4	0.0014482	0.000272016	0.000354688	0.000495363	0.000486549	0.000148762	5.61534e-05	5.52206e-05	0.016	0.39	1.7	9.73078e-05	235.642	10.2993	0.016	8.90707	2.80633e-09	1.99058e-10	3.71622e-08	0.273	34.3584	20	1e-05	1e-05	1e-05	
0.11347	17.9709	0.673065	0.889685	0.313366	7.34519e-06	0.0043	0.00127496	4.67324e-05	3.0717e-07	1.38499	0.00500549	4	0.00416323	0.000716569	0.00198995	0.000538911	0.000706725	0.000398654	0.000128295	4.88736e-05	0.016	0.39	1.7	0.000297397	241.57	10.2135	0.016	15.7969	1.95174e-08	1.27183e-09	9.15464e-07	0.273	28.4295	20	1e-05	1e-05	1e-05	
