GLUT	Hexokinase	HPI	PFK	Aldolase	TPI	GAPDH	PGK	PGAM	Enolase	PYK	LDH	PSA	PSP	SHMT	MCT	DHase	ATPase	PPP	PDH	AK	MPM	SERout	GLYout	TK	PGLM	UPP	GS	GP	PPASE	NDK	
0.00212346	0.00212346	0.00202461	0.00212439	0.00212439	0.00212439	0.00434856	0.00434856	0.000235737	0.000235737	0.000235737	-2.36924e-08	0.00411282	0.00411282	0.00255143	-2.36924e-08	0.00434858	0.00340106	9.8854e-05	0.00411282	7.10543e-15	0.000235761	0.00156139	0.00255143	9.97817e-05	4.95835e-15	2.76534e-07	2.76534e-07	2.76534e-07	2.76534e-07	2.76534e-07	
0.000614382	0.000614382	0.000553329	0.000637628	0.000637628	0.000637628	0.00135956	0.00135956	0.000423691	0.000423691	0.000423691	0.000423625	0.000935865	0.000935865	0.000618873	0.000423625	0.000935932	0.000531718	6.10532e-05	0.000935865	-2.44249e-15	6.65833e-08	0.000316992	0.000618873	8.42997e-05	0	3.84772e-07	3.84772e-07	3.84772e-07	3.84772e-07	3.84772e-07	
0.00014767	0.00014767	-4.86741e-05	3.65791e-05	3.65791e-05	3.65791e-05	0.000158411	0.000158411	6.31586e-05	6.31586e-05	6.31586e-05	6.31586e-05	9.52528e-05	9.52528e-05	6.36857e-05	6.31586e-05	9.52528e-05	3.73175e-05	0.000196344	9.52528e-05	-2.08167e-15	3.53254e-23	3.15671e-05	6.36857e-05	8.52532e-05	-2.94433e-15	3.52262e-09	3.52262e-09	3.52262e-09	3.52262e-09	3.52262e-09	
0.000395231	0.000395231	0.000244184	0.000342402	0.000342402	0.000342402	0.000783023	0.000783023	0.000296724	0.000296724	0.000296724	0.000296724	0.000486299	0.000486299	0.000261572	0.000296724	0.000486299	0.000341965	0.000151047	0.000486299	-2.77556e-15	1.22442e-12	0.000224727	0.000261572	9.82183e-05	0	1.48559e-07	1.48559e-07	1.48559e-07	1.48559e-07	1.48559e-07	
0.000340559	0.000340559	0.000243134	0.000334034	0.000334034	0.000334034	0.000758967	0.000758967	0.000196191	0.000196191	0.000196191	0.000196191	0.000562775	0.000562775	0.000335353	0.000196191	0.000562775	0.000280525	9.74248e-05	0.000562775	-3.44169e-15	2.44796e-15	0.000227422	0.000335353	9.08994e-05	0	4.05153e-08	4.05153e-08	4.05153e-08	4.05153e-08	4.05153e-08	
0.00112717	0.00112717	0.00102153	0.00111197	0.00111197	0.00111197	0.00231439	0.00231439	0.000592364	0.000592364	0.000592364	0.000592291	0.00172203	0.00172203	0.000937053	0.000592291	0.0017221	0.000668331	0.000105643	0.00172203	1.55431e-15	7.28795e-08	0.000784974	0.000937053	9.04448e-05	0	2.27114e-07	2.27114e-07	2.27114e-07	2.27114e-07	2.27114e-07	
0.00140449	0.00140449	0.00131177	0.00141281	0.00141281	0.00141281	0.00292667	0.00292667	0.000614547	0.000614547	0.000614547	0.000614335	0.00231212	0.00231212	0.000772177	0.000614335	0.00231233	0.000726508	9.27197e-05	0.00231212	7.99361e-15	2.11632e-07	0.00153994	0.000772177	0.000101042	0	1.54433e-07	1.54433e-07	1.54433e-07	1.54433e-07	1.54433e-07	
0.000742117	0.000742117	0.000667756	0.000763197	0.000763197	0.000763197	0.00162183	0.00162183	0.000369127	0.000369127	0.000369127	0.000369114	0.00125271	0.00125271	0.000747011	0.000369114	0.00125272	0.000485645	7.43616e-05	0.00125271	6.66134e-16	1.34926e-08	0.000505697	0.000747011	9.54411e-05	4.82237e-15	1.7844e-07	1.7844e-07	1.7844e-07	1.7844e-07	1.7844e-07	
0.00433121	0.00433121	0.00417555	0.00426427	0.00426427	0.00426427	0.00861726	0.00861726	0.000494005	0.000494005	0.000494005	-4.01918e-09	0.00812326	0.00812326	0.00331612	-4.01918e-09	0.00861727	0.00693687	0.000155668	0.00812326	0	0.000494009	0.00480714	0.00331612	8.87236e-05	-5.31224e-15	1.02923e-06	1.02923e-06	1.02923e-06	1.02923e-06	1.02923e-06	
0.0010516	0.0010516	0.000956387	0.00104786	0.00104786	0.00104786	0.0021872	0.0021872	0.00044636	0.00044636	0.00044636	0.000446359	0.00174084	0.00174084	0.00126148	0.000446359	0.00174084	0.000533257	9.52096e-05	0.00174084	1.93179e-14	1.23552e-09	0.000479352	0.00126148	9.1474e-05	-4.30061e-15	8.57835e-07	8.57835e-07	8.57835e-07	8.57835e-07	8.57835e-07	
0.000154931	0.000154931	-1.56109e-05	7.46144e-05	7.46144e-05	7.46144e-05	0.000239454	0.000239454	6.51063e-05	6.51063e-05	6.51063e-05	6.51063e-05	0.000174348	0.000174348	0.000122922	6.51063e-05	0.000174348	7.49959e-05	0.000170542	0.000174348	-8.40994e-15	5.97591e-21	5.14258e-05	0.000122922	9.02253e-05	0	1.90347e-08	1.90347e-08	1.90347e-08	1.90347e-08	1.90347e-08	
0.000587014	0.000587014	0.00050195	0.000601001	0.000601001	0.000601001	0.00130105	0.00130105	0.000375009	0.000375009	0.000375009	0.000375005	0.000926043	0.000926043	0.000244962	0.000375005	0.000926047	0.000487788	8.50633e-05	0.000926043	-5.77316e-15	3.94629e-09	0.000681082	0.000244962	9.90505e-05	-3.85902e-15	3.10029e-07	3.10029e-07	3.10029e-07	3.10029e-07	3.10029e-07	
0.000725421	0.000725421	0.000637641	0.000736545	0.000736545	0.000736545	0.00157199	0.00157199	0.000358549	0.000358549	0.000358549	0.000358548	0.00121344	0.00121344	0.000518652	0.000358548	0.00121345	0.000468409	8.77796e-05	0.00121344	2.08722e-14	1.40819e-09	0.000694792	0.000518652	9.89036e-05	0	1.85483e-07	1.85483e-07	1.85483e-07	1.85483e-07	1.85483e-07	
0.000776824	0.000776824	0.000702779	0.000799302	0.000799302	0.000799302	0.00169513	0.00169513	0.000464524	0.000464524	0.000464524	0.0004645	0.0012306	0.0012306	0.000853677	0.0004645	0.00123063	0.000583601	7.40451e-05	0.0012306	5.9952e-15	2.37872e-08	0.000376927	0.000853677	9.65234e-05	4.26179e-15	2.33943e-07	2.33943e-07	2.33943e-07	2.33943e-07	2.33943e-07	
0.000424255	0.000424255	0.000345561	0.000440673	0.000440673	0.000440673	0.000976458	0.000976458	0.000310596	0.000310596	0.000310596	0.000310596	0.000665862	0.000665862	0.000217856	0.000310596	0.000665862	0.000422005	7.86934e-05	0.000665862	9.4369e-15	1.18395e-11	0.000448006	0.000217856	9.51116e-05	7.31992e-15	1.20525e-07	1.20525e-07	1.20525e-07	1.20525e-07	1.20525e-07	
0.000846248	0.000846248	0.000703676	0.000820075	0.000820075	0.000820075	0.00175655	0.00175655	0.000390946	0.000390946	0.000390946	0.000390946	0.0013656	0.0013656	0.00082752	0.000390946	0.0013656	0.000481031	0.000142572	0.0013656	-5.21805e-15	1.59552e-10	0.000538084	0.00082752	0.000116399	-4.8807e-15	1.43474e-07	1.43474e-07	1.43474e-07	1.43474e-07	1.43474e-07	
0.00174585	0.00174585	0.00165104	0.00175568	0.00175568	0.00175568	0.00361601	0.00361601	0.000249657	0.000249657	0.000249657	-2.95819e-08	0.00336635	0.00336635	0.00227868	-2.95819e-08	0.00361604	0.00360796	9.48004e-05	0.00336635	-7.10543e-15	0.000249687	0.00108766	0.00227868	0.000104639	5.97399e-15	2.108e-06	2.108e-06	2.108e-06	2.108e-06	2.108e-06	
0.00195487	0.00195487	0.00183848	0.0019405	0.0019405	0.0019405	0.00398303	0.00398303	0.000416677	0.000416677	0.000416677	-1.08975e-07	0.00356636	0.00356636	0.00197047	-1.08975e-07	0.00398314	0.00591669	0.00011639	0.00356636	1.77636e-15	0.000416786	0.00159589	0.00197047	0.000102022	-5.75342e-15	5.85919e-06	5.85919e-06	5.85919e-06	5.85919e-06	5.85919e-06	
0.000739885	0.000739885	0.000659613	0.000753862	0.000753862	0.000753862	0.00160197	0.00160197	0.0003055	0.0003055	0.0003055	0.000305499	0.00129647	0.00129647	0.000976892	0.000305499	0.00129647	0.000413618	8.02719e-05	0.00129647	0	7.73184e-10	0.00031958	0.000976892	9.42489e-05	0	1.18488e-07	1.18488e-07	1.18488e-07	1.18488e-07	1.18488e-07	
0.000375198	0.000375198	0.000299374	0.000394793	0.000394793	0.000394793	0.000885005	0.000885005	0.00022382	0.00022382	0.00022382	0.00022382	0.000661184	0.000661184	0.000256581	0.00022382	0.000661185	0.000338576	7.58238e-05	0.000661184	1.74305e-14	1.10542e-10	0.000404603	0.000256581	9.54186e-05	0	2.58766e-07	2.58766e-07	2.58766e-07	2.58766e-07	2.58766e-07	
0.00014751	0.00014751	-5.58077e-06	8.35654e-05	8.35654e-05	8.35654e-05	0.000256277	0.000256277	8.10552e-05	8.10552e-05	8.10552e-05	8.10552e-05	0.000175222	0.000175222	0.000175531	8.10552e-05	0.000175222	0.000106239	0.000153091	0.000175222	-1.79301e-14	1.29547e-18	-3.09096e-07	0.000175531	8.91462e-05	0	1.73993e-08	1.73993e-08	1.73993e-08	1.73993e-08	1.73993e-08	
0.00216714	0.00216714	0.00204747	0.00214194	0.00214194	0.00214194	0.00437835	0.00437835	0.000205826	0.000205826	0.000205826	-2.86309e-08	0.00417253	0.00417253	0.00211773	-2.86309e-08	0.00437838	0.00295012	0.000119668	0.00417253	3.55271e-15	0.000205854	0.00205479	0.00211773	9.44682e-05	4.03762e-15	1.08564e-06	1.08564e-06	1.08564e-06	1.08564e-06	1.08564e-06	
0.000840198	0.000840198	0.00068444	0.000769426	0.000769426	0.000769426	0.00162384	0.00162384	0.000652132	0.000652132	0.000652132	0.000652127	0.000971708	0.000971708	0.000821355	0.000652127	0.000971712	0.000666327	0.000155758	0.000971708	2.66454e-15	4.25876e-09	0.000150353	0.000821355	8.49865e-05	0	7.51127e-08	7.51127e-08	7.51127e-08	7.51127e-08	7.51127e-08	
0.000603951	0.000603951	0.000521761	0.000629098	0.000629098	0.000629098	0.00136553	0.00136553	0.000425863	0.000425863	0.000425863	0.000425845	0.00093967	0.00093967	0.000487535	0.000425845	0.000939688	0.000558301	8.21902e-05	0.00093967	1.59872e-14	1.73831e-08	0.000452135	0.000487535	0.000107337	3.95959e-15	2.71494e-07	2.71494e-07	2.71494e-07	2.71494e-07	2.71494e-07	
0.00210121	0.00210121	0.00197674	0.00205302	0.00205302	0.00205302	0.00418232	0.00418232	0.00023089	0.00023089	0.00023089	-8.29951e-08	0.00395143	0.00395143	0.00218029	-8.29951e-08	0.00418241	0.00325776	0.000124473	0.00395143	-1.06581e-14	0.000230973	0.00177115	0.00218029	7.62843e-05	6.66333e-15	3.87317e-06	3.87317e-06	3.87317e-06	3.87317e-06	3.87317e-06	
0.000761566	0.000761566	0.000704016	0.000818383	0.000818383	0.000818383	0.00175113	0.00175113	0.000433377	0.000433377	0.000433377	0.000433255	0.00131776	0.00131776	0.00104756	0.000433255	0.00131788	0.000605956	5.755e-05	0.00131776	5.10703e-15	1.22331e-07	0.000270198	0.00104756	0.000114367	0	1.95092e-07	1.95092e-07	1.95092e-07	1.95092e-07	1.95092e-07	
0.000198322	0.000198322	0.00012826	0.000221472	0.000221472	0.000221472	0.000536157	0.000536157	0.00012925	0.00012925	0.00012925	0.00012925	0.000406907	0.000406907	0.000394927	0.00012925	0.000406907	0.000245413	7.0062e-05	0.000406907	-9.54792e-15	9.44218e-13	1.19804e-05	0.000394927	9.32126e-05	0	1.99643e-07	1.99643e-07	1.99643e-07	1.99643e-07	1.99643e-07	
0.00239665	0.00239665	0.00231728	0.0024258	0.0024258	0.0024258	0.00496011	0.00496011	0.000400933	0.000400933	0.000400933	-8.17204e-08	0.00455918	0.00455918	0.00267553	-8.17204e-08	0.0049602	0.00575021	7.93691e-05	0.00455918	1.42109e-14	0.000401015	0.00188365	0.00267553	0.000108517	0	1.5747e-06	1.5747e-06	1.5747e-06	1.5747e-06	1.5747e-06	
0.000178259	0.000178259	-3.42768e-05	6.21778e-05	6.21778e-05	6.21778e-05	0.00022081	0.00022081	6.18455e-05	6.18455e-05	6.18455e-05	6.18455e-05	0.000158965	0.000158965	0.0001232	6.18455e-05	0.000158965	4.21954e-05	0.000212536	0.000158965	8.71525e-15	5.71111e-22	3.57645e-05	0.0001232	9.64546e-05	-5.29494e-15	2.32119e-08	2.32119e-08	2.32119e-08	2.32119e-08	2.32119e-08	
0.000502712	0.000502712	0.000429788	0.000513069	0.000513069	0.000513069	0.00110942	0.00110942	0.000385958	0.000385958	0.000385958	0.000385955	0.000723462	0.000723462	0.00044777	0.000385955	0.000723465	0.000479497	7.29244e-05	0.000723462	1.77636e-15	3.11276e-09	0.000275692	0.00044777	8.32814e-05	6.09854e-15	1.40196e-07	1.40196e-07	1.40196e-07	1.40196e-07	1.40196e-07	
0.000928024	0.000928024	0.000809618	0.000913557	0.000913557	0.000913557	0.00193105	0.00193105	0.000546824	0.000546824	0.000546824	0.000546819	0.00138423	0.00138423	0.00055447	0.000546819	0.00138423	0.000635907	0.000118406	0.00138423	4.44089e-16	4.84703e-09	0.000829759	0.00055447	0.000103939	0	4.52113e-07	4.52113e-07	4.52113e-07	4.52113e-07	4.52113e-07	
0.00112822	0.00112822	0.00101214	0.00109741	0.00109741	0.00109741	0.00228008	0.00228008	0.000616804	0.000616804	0.000616804	0.000615752	0.00166328	0.00166328	0.000929395	0.000615752	0.00166433	0.000684647	0.000116078	0.00166328	-4.44089e-15	1.05108e-06	0.000733881	0.000929395	8.52656e-05	6.07525e-15	2.73827e-07	2.73827e-07	2.73827e-07	2.73827e-07	2.73827e-07	
0.00132832	0.00132832	0.00121008	0.00130868	0.00130868	0.00130868	0.00271595	0.00271595	0.000695611	0.000695611	0.000695611	0.000695354	0.00202034	0.00202034	0.0010909	0.000695354	0.0020206	0.000777352	0.00011824	0.00202034	-1.33227e-15	2.5688e-07	0.000929436	0.0010909	9.85992e-05	3.54218e-15	5.57249e-07	5.57249e-07	5.57249e-07	5.57249e-07	5.57249e-07	
0.000881532	0.000881532	0.000767299	0.00086671	0.00086671	0.00086671	0.00183283	0.00183283	0.00060401	0.00060401	0.00060401	0.000603203	0.00122882	0.00122882	0.00094383	0.000603203	0.00122963	0.000698508	0.000114233	0.00122882	3.77476e-15	8.06736e-07	0.000284992	0.00094383	9.94113e-05	0	5.79395e-07	5.79395e-07	5.79395e-07	5.79395e-07	5.79395e-07	
0.000851275	0.000851275	0.00078627	0.000882799	0.000882799	0.000882799	0.00186213	0.00186213	0.000521691	0.000521691	0.000521691	0.00052005	0.00134044	0.00134044	0.000927353	0.00052005	0.00134208	0.00067067	6.50052e-05	0.00134044	-8.88178e-15	1.64048e-06	0.000413083	0.000927353	9.65291e-05	0	3.99462e-07	3.99462e-07	3.99462e-07	3.99462e-07	3.99462e-07	
0.000864259	0.000864259	0.000779391	0.000866886	0.000866886	0.000866886	0.00182127	0.00182127	0.000663584	0.000663584	0.000663584	0.000662667	0.00115768	0.00115768	0.000759638	0.000662667	0.0011586	0.000765144	8.48676e-05	0.00115768	-6.21725e-15	9.17511e-07	0.000398044	0.000759638	8.74946e-05	0	4.89852e-07	4.89852e-07	4.89852e-07	4.89852e-07	4.89852e-07	
0.000834233	0.000834233	0.000705215	0.000805892	0.000805892	0.000805892	0.00171246	0.00171246	0.000551281	0.000551281	0.000551281	0.000551226	0.00116118	0.00116118	0.000685454	0.000551226	0.00116123	0.000623412	0.000129018	0.00116118	3.10862e-15	5.5428e-08	0.000475725	0.000685454	0.000100677	-6.85154e-15	9.25934e-07	9.25934e-07	9.25934e-07	9.25934e-07	9.25934e-07	
0.00088025	0.00088025	0.000797441	0.000901753	0.000901753	0.000901753	0.00190782	0.00190782	0.000506704	0.000506704	0.000506704	0.000504993	0.00140111	0.00140111	0.000677914	0.000504993	0.00140283	0.000654604	8.28089e-05	0.00140111	-3.77476e-15	1.71175e-06	0.0007232	0.000677914	0.000104312	5.89773e-15	1.68096e-07	1.68096e-07	1.68096e-07	1.68096e-07	1.68096e-07	
0.0023294	0.0023294	0.0022647	0.00236273	0.00236273	0.00236273	0.0048235	0.0048235	0.000343058	0.000343058	0.000343058	-2.81807e-08	0.00448044	0.00448044	0.00243645	-2.81807e-08	0.00482352	0.00493015	6.4707e-05	0.00448044	0	0.000343086	0.00204399	0.00243645	9.80334e-05	-3.62161e-15	4.38593e-06	4.38593e-06	4.38593e-06	4.38593e-06	4.38593e-06	
0.002173	0.002173	0.00202598	0.00212609	0.00212609	0.00212609	0.0043523	0.0043523	0.000158648	0.000158648	0.000158648	-1.49521e-07	0.00419365	0.00419365	0.00219521	-1.49521e-07	0.00435245	0.0022756	0.000147026	0.00419365	4.44089e-15	0.000158797	0.00199845	0.00219521	0.000100116	0	6.23587e-07	6.23587e-07	6.23587e-07	6.23587e-07	6.23587e-07	
0.000448468	0.000448468	0.00030399	0.000398326	0.000398326	0.000398326	0.000890988	0.000890988	0.000181161	0.000181161	0.000181161	0.000181161	0.000709827	0.000709827	0.000342941	0.000181161	0.000709827	0.000225274	0.000144478	0.000709827	3.21965e-15	4.42972e-14	0.000366886	0.000342941	9.43361e-05	-5.21619e-15	8.14818e-08	8.14818e-08	8.14818e-08	8.14818e-08	8.14818e-08	
0.00174159	0.00174159	0.00161385	0.00171133	0.00171133	0.00171133	0.00352016	0.00352016	0.000208579	0.000208579	0.000208579	-1.46182e-08	0.00331158	0.00331158	0.00180301	-1.46182e-08	0.00352017	0.00298647	0.00012774	0.00331158	2.66454e-15	0.000208593	0.00150856	0.00180301	9.74874e-05	0	1.05429e-06	1.05429e-06	1.05429e-06	1.05429e-06	1.05429e-06	
0.00241212	0.00241212	0.00230909	0.00240141	0.00240141	0.00240141	0.00489513	0.00489513	0.000157225	0.000157225	0.000157225	-4.70973e-08	0.0047379	0.0047379	0.00372769	-4.70973e-08	0.00489518	0.00228129	0.000103035	0.0047379	-1.77636e-15	0.000157272	0.00101021	0.00372769	9.23168e-05	8.2798e-15	2.07266e-06	2.07266e-06	2.07266e-06	2.07266e-06	2.07266e-06	
0.0040269	0.0040269	0.00392867	0.00404552	0.00404552	0.00404552	0.00820789	0.00820789	0.00039722	0.00039722	0.00039722	-6.77658e-08	0.00781067	0.00781067	0.00677734	-6.77658e-08	0.00820796	0.00569635	9.82286e-05	0.00781067	0	0.000397288	0.00103334	0.00677734	0.000116853	0	1.09495e-06	1.09495e-06	1.09495e-06	1.09495e-06	1.09495e-06	
0.000814055	0.000814055	0.000723509	0.000819161	0.000819161	0.000819161	0.00173397	0.00173397	0.000637881	0.000637881	0.000637881	0.000637751	0.00109609	0.00109609	0.00041611	0.000637751	0.00109622	0.000740146	9.05459e-05	0.00109609	1.19904e-14	1.30027e-07	0.000679984	0.00041611	9.56522e-05	0	1.83451e-07	1.83451e-07	1.83451e-07	1.83451e-07	1.83451e-07	
0.000885324	0.000885324	0.000784393	0.000873403	0.000873403	0.000873403	0.00183582	0.00183582	0.000490951	0.000490951	0.000490951	0.000490937	0.00134486	0.00134486	0.000496986	0.000490937	0.00134488	0.000567685	0.000100931	0.00134486	-5.32907e-15	1.35421e-08	0.000847879	0.000496986	8.90097e-05	-5.70806e-15	5.30366e-07	5.30366e-07	5.30366e-07	5.30366e-07	5.30366e-07	
0.000800216	0.000800216	0.000746801	0.000864272	0.000864272	0.000864272	0.00184602	0.00184602	0.0003127	0.0003127	0.0003127	0.000312699	0.00153332	0.00153332	0.000994037	0.000312699	0.00153332	0.000494126	5.3415e-05	0.00153332	-1.06581e-14	3.82242e-10	0.000539279	0.000994037	0.000117471	4.81157e-15	1.05989e-07	1.05989e-07	1.05989e-07	1.05989e-07	1.05989e-07	
0.000547636	0.000547636	0.000481159	0.00057519	0.00057519	0.00057519	0.00124441	0.00124441	0.000457348	0.000457348	0.000457348	0.000457347	0.000787062	0.000787062	0.000386501	0.000457347	0.000787062	0.000578796	6.64767e-05	0.000787062	9.10383e-15	3.40588e-10	0.000400561	0.000386501	9.40304e-05	0	1.39755e-07	1.39755e-07	1.39755e-07	1.39755e-07	1.39755e-07	
0.00116903	0.00116903	0.00105219	0.00114811	0.00114811	0.00114811	0.00239214	0.00239214	0.000603065	0.000603065	0.000603065	0.000601089	0.00178908	0.00178908	0.00110252	0.000601089	0.00179106	0.000703626	0.000116843	0.00178908	8.88178e-16	1.9765e-06	0.000686561	0.00110252	9.59206e-05	8.09721e-15	1.3203e-07	1.3203e-07	1.3203e-07	1.3203e-07	1.3203e-07	
0.0014422	0.0014422	0.0013804	0.00147521	0.00147521	0.00147521	0.00304524	0.00304524	0.000169434	0.000169434	0.000169434	-3.75911e-08	0.00287581	0.00287581	0.00180583	-3.75911e-08	0.00304528	0.00249906	6.18076e-05	0.00287581	-1.77636e-14	0.000169471	0.00106998	0.00180583	9.48155e-05	0	1.32036e-06	1.32036e-06	1.32036e-06	1.32036e-06	1.32036e-06	
0.00129445	0.00129445	0.00121019	0.00131665	0.00131665	0.00131665	0.00273974	0.00273974	0.000289062	0.000289062	0.000289062	-1.22721e-08	0.00245068	0.00245068	0.00138748	-1.22721e-08	0.00273976	0.00417329	8.42578e-05	0.00245068	1.77636e-15	0.000289074	0.0010632	0.00138748	0.000106453	0	2.3859e-06	2.3859e-06	2.3859e-06	2.3859e-06	2.3859e-06	
0.000564689	0.000564689	0.000481618	0.000577293	0.000577293	0.000577293	0.00125026	0.00125026	0.000314164	0.000314164	0.000314164	0.000314164	0.000936098	0.000936098	0.000644382	0.000314164	0.000936098	0.000422382	8.30711e-05	0.000936098	-1.44329e-14	1.08355e-11	0.000291716	0.000644382	9.56751e-05	0	6.18299e-08	6.18299e-08	6.18299e-08	6.18299e-08	6.18299e-08	
0.00070249	0.00070249	0.000612703	0.000695867	0.000695867	0.000695867	0.0014749	0.0014749	0.000473877	0.000473877	0.000473877	0.00047361	0.00100102	0.00100102	0.000763553	0.00047361	0.00100129	0.00055373	8.97872e-05	0.00100102	0	2.67296e-07	0.000237468	0.000763553	8.31639e-05	0	1.62384e-07	1.62384e-07	1.62384e-07	1.62384e-07	1.62384e-07	
0.000521951	0.000521951	0.000431632	0.000534727	0.000534727	0.000534727	0.00117255	0.00117255	0.000294017	0.000294017	0.000294017	0.000294016	0.000878532	0.000878532	0.000393775	0.000294016	0.000878534	0.000409812	9.0319e-05	0.000878532	-1.26565e-14	1.63373e-09	0.000484757	0.000393775	0.000103095	-4.59798e-15	9.76743e-08	9.76743e-08	9.76743e-08	9.76743e-08	9.76743e-08	
0.00190877	0.00190877	0.0018119	0.00190669	0.00190669	0.00190669	0.00390816	0.00390816	0.000255266	0.000255266	0.000255266	-2.04763e-08	0.0036529	0.0036529	0.00132721	-2.04763e-08	0.00390819	0.0036646	9.68733e-05	0.0036529	-1.77636e-15	0.000255287	0.00232569	0.00132721	9.47892e-05	6.33633e-15	2.09285e-06	2.09285e-06	2.09285e-06	2.09285e-06	2.09285e-06	
0.000444273	0.000444273	0.000353699	0.000462817	0.000462817	0.000462817	0.00103475	0.00103475	0.000315269	0.000315269	0.000315269	0.000315269	0.000719483	0.000719483	0.000272427	0.000315269	0.000719483	0.000442777	9.05738e-05	0.000719483	-4.55191e-15	7.39293e-11	0.000447056	0.000272427	0.000109118	4.30363e-15	1.54516e-07	1.54516e-07	1.54516e-07	1.54516e-07	1.54516e-07	
0.000431109	0.000431109	0.000359833	0.000461472	0.000461472	0.000461472	0.00102458	0.00102458	0.000278153	0.000278153	0.000278153	0.000278153	0.00074643	0.00074643	0.00061586	0.000278153	0.00074643	0.000410076	7.12765e-05	0.00074643	-3.66374e-15	5.70206e-12	0.00013057	0.00061586	0.000101639	0	7.8113e-08	7.8113e-08	7.8113e-08	7.8113e-08	7.8113e-08	
0.000585164	0.000585164	0.000503346	0.000586415	0.000586415	0.000586415	0.0012559	0.0012559	0.000277178	0.000277178	0.000277178	0.000277177	0.000978721	0.000978721	0.0005745	0.000277177	0.000978721	0.000361233	8.1818e-05	0.000978721	-3.33067e-15	1.24436e-10	0.000404221	0.0005745	8.30686e-05	0	2.65551e-07	2.65551e-07	2.65551e-07	2.65551e-07	2.65551e-07	
0.00126164	0.00126164	0.00119065	0.00129131	0.00129131	0.00129131	0.00268326	0.00268326	0.000836331	0.000836331	0.000836331	0.000831746	0.00184693	0.00184693	0.00156313	0.000831746	0.00185152	0.00102564	7.09869e-05	0.00184693	-1.33227e-15	4.58451e-06	0.000283803	0.00156313	0.000100652	3.62071e-15	6.11132e-07	6.11132e-07	6.11132e-07	6.11132e-07	6.11132e-07	
0.000354162	0.000354162	0.000244207	0.00035906	0.00035906	0.00035906	0.000832972	0.000832972	0.000228999	0.000228999	0.000228999	0.000228999	0.000603973	0.000603973	0.000484802	0.000228999	0.000603973	0.000348644	0.000109955	0.000603973	-3.66374e-15	1.5668e-12	0.000119171	0.000484802	0.000114853	3.47514e-15	1.06173e-07	1.06173e-07	1.06173e-07	1.06173e-07	1.06173e-07	
0.000703307	0.000703307	0.000660331	0.000752169	0.000752169	0.000752169	0.00159618	0.00159618	0.000427015	0.000427015	0.000427015	0.000426973	0.00116916	0.00116916	0.000864219	0.000426973	0.0011692	0.000567993	4.29762e-05	0.00116916	5.9952e-15	4.14545e-08	0.000304941	0.000864219	9.18376e-05	-5.49896e-15	2.59979e-07	2.59979e-07	2.59979e-07	2.59979e-07	2.59979e-07	
0.000698662	0.000698662	0.000634379	0.0007369	0.0007369	0.0007369	0.00157632	0.00157632	0.000315399	0.000315399	0.000315399	0.000279016	0.00126092	0.00126092	0.00086762	0.000279016	0.0012973	0.000929064	6.4283e-05	0.00126092	-6.21725e-15	3.63827e-05	0.000393302	0.00086762	0.000102521	-6.3555e-15	6.90092e-08	6.90092e-08	6.90092e-08	6.90092e-08	6.90092e-08	
0.000996798	0.000996798	0.000890043	0.000996221	0.000996221	0.000996221	0.00209862	0.00209862	0.00041271	0.00041271	0.00041271	0.000412679	0.00168591	0.00168591	0.00154359	0.000412679	0.00168594	0.000518477	0.000106755	0.00168591	-1.24345e-14	3.07473e-08	0.000142322	0.00154359	0.000106178	0	2.33337e-07	2.33337e-07	2.33337e-07	2.33337e-07	2.33337e-07	
0.000506633	0.000506633	0.000397012	0.00049625	0.00049625	0.00049625	0.00109174	0.00109174	0.000303955	0.000303955	0.000303955	0.000303955	0.000787783	0.000787783	0.000635518	0.000303955	0.000787783	0.000392551	0.000109621	0.000787783	8.32667e-15	1.39321e-10	0.000152265	0.000635518	9.92384e-05	-4.14096e-15	2.61536e-07	2.61536e-07	2.61536e-07	2.61536e-07	2.61536e-07	
0.000974475	0.000974475	0.000879538	0.000955654	0.000955654	0.000955654	0.00198742	0.00198742	0.000451651	0.000451651	0.000451651	0.000451647	0.00153577	0.00153577	0.000888145	0.000451647	0.00153578	0.000508548	9.4937e-05	0.00153577	7.99361e-15	3.32669e-09	0.000647629	0.000888145	7.61164e-05	0	4.41842e-07	4.41842e-07	4.41842e-07	4.41842e-07	4.41842e-07	
0.00210985	0.00210985	0.00204255	0.00212805	0.00212805	0.00212805	0.00434161	0.00434161	0.00018084	0.00018084	0.00018084	-1.31918e-08	0.00416077	0.00416077	0.00209677	-1.31918e-08	0.00434163	0.00263482	6.73e-05	0.00416077	4.44089e-15	0.000180853	0.002064	0.00209677	8.55074e-05	-5.11849e-15	8.24801e-07	8.24801e-07	8.24801e-07	8.24801e-07	8.24801e-07	
0.000585075	0.000585075	0.000499415	0.000603216	0.000603216	0.000603216	0.00131023	0.00131023	0.000215163	0.000215163	0.000215163	0.000215163	0.00109507	0.00109507	0.000963365	0.000215163	0.00109507	0.000336956	8.56599e-05	0.00109507	-3.10862e-15	3.30017e-10	0.000131706	0.000963365	0.000103801	-4.62991e-15	1.53218e-07	1.53218e-07	1.53218e-07	1.53218e-07	1.53218e-07	
0.00272135	0.00272135	0.00259648	0.00268494	0.00268494	0.00268494	0.00545835	0.00545835	0.000138479	0.000138479	0.000138479	-2.93639e-08	0.00531987	0.00531987	0.00415342	-2.93639e-08	0.00545838	0.00199009	0.00012487	0.00531987	-7.99361e-15	0.000138509	0.00116645	0.00415342	8.84639e-05	-5.35925e-15	1.05873e-06	1.05873e-06	1.05873e-06	1.05873e-06	1.05873e-06	
0.00142341	0.00142341	0.00130417	0.00140507	0.00140507	0.00140507	0.00291105	0.00291105	0.000945491	0.000945491	0.000945491	0.000943525	0.00196556	0.00196556	0.000883317	0.000943525	0.00196752	0.00105339	0.000119238	0.00196556	8.88178e-16	1.96586e-06	0.00108224	0.000883317	0.000100901	0	2.25473e-07	2.25473e-07	2.25473e-07	2.25473e-07	2.25473e-07	
0.00110721	0.00110721	0.00101117	0.00111007	0.00111007	0.00111007	0.00231903	0.00231903	0.000580079	0.000580079	0.000580079	0.000579696	0.00173895	0.00173895	0.00101719	0.000579696	0.00173933	0.00068643	9.60408e-05	0.00173895	-5.55112e-15	3.8299e-07	0.000721761	0.00101719	9.88945e-05	4.56131e-15	3.75703e-07	3.75703e-07	3.75703e-07	3.75703e-07	3.75703e-07	
0.000940727	0.000940727	0.000875175	0.00096935	0.00096935	0.00096935	0.00203288	0.00203288	0.000515488	0.000515488	0.000515488	0.000515462	0.00151739	0.00151739	0.00120241	0.000515462	0.00151741	0.000638442	6.55521e-05	0.00151739	-4.66294e-15	2.62681e-08	0.000314974	0.00120241	9.41753e-05	0	1.85819e-07	1.85819e-07	1.85819e-07	1.85819e-07	1.85819e-07	
0.000717493	0.000717493	0.000638103	0.000737397	0.000737397	0.000737397	0.00157409	0.00157409	0.000428062	0.000428062	0.000428062	0.000428028	0.00114603	0.00114603	0.00086107	0.000428028	0.00114606	0.000547594	7.93899e-05	0.00114603	-5.9952e-15	3.38809e-08	0.000284956	0.00086107	9.92935e-05	8.99364e-15	1.05662e-07	1.05662e-07	1.05662e-07	1.05662e-07	1.05662e-07	
0.000400721	0.000400721	0.000318607	0.000408844	0.000408844	0.000408844	0.000907925	0.000907925	0.000371749	0.000371749	0.000371749	0.000371735	0.000536177	0.000536177	0.00034205	0.000371735	0.000536191	0.000470222	8.21139e-05	0.000536177	4.21885e-15	1.41954e-08	0.000194127	0.00034205	9.02369e-05	0	7.12196e-08	7.12196e-08	7.12196e-08	7.12196e-08	7.12196e-08	
0.000448012	0.000448012	0.000378416	0.000485514	0.000485514	0.000485514	0.00107813	0.00107813	0.000191888	0.000191888	0.000191888	0.000191888	0.000886238	0.000886238	0.00072398	0.000191888	0.000886238	0.000336414	6.95965e-05	0.000886238	-7.10543e-15	2.458e-12	0.000162258	0.00072398	0.000107098	-5.6282e-15	7.32409e-08	7.32409e-08	7.32409e-08	7.32409e-08	7.32409e-08	
0.00190477	0.00190477	0.00184608	0.00194212	0.00194212	0.00194212	0.00398027	0.00398027	0.000144955	0.000144955	0.000144955	-3.77203e-08	0.00383532	0.00383532	0.00227644	-3.77203e-08	0.00398031	0.00216191	5.86886e-05	0.00383532	-8.88178e-15	0.000144992	0.00155888	0.00227644	9.60345e-05	0	1.32303e-06	1.32303e-06	1.32303e-06	1.32303e-06	1.32303e-06	
0.00126609	0.00126609	0.00118981	0.00127922	0.00127922	0.00127922	0.00264785	0.00264785	0.000137409	0.000137409	0.000137409	-2.32973e-08	0.00251045	0.00251045	0.0019891	-2.32973e-08	0.00264788	0.00202471	7.62872e-05	0.00251045	-4.44089e-15	0.000137432	0.000521347	0.0019891	8.94138e-05	0	1.86178e-06	1.86178e-06	1.86178e-06	1.86178e-06	1.86178e-06	
0.000236933	0.000236933	0.000172293	0.000283942	0.000283942	0.000283942	0.000679534	0.000679534	0.000220951	0.000220951	0.000220951	0.000220949	0.000458583	0.000458583	0.000420579	0.000220949	0.000458585	0.000379583	6.46396e-05	0.000458583	4.66294e-15	1.99389e-09	3.80038e-05	0.000420579	0.000111649	-4.77299e-15	5.27477e-08	5.27478e-08	5.27477e-08	5.27477e-08	5.27477e-08	
0.000753712	0.000753712	0.000642549	0.000735541	0.000735541	0.000735541	0.00156407	0.00156407	0.00051988	0.00051988	0.00051988	0.000519835	0.00104419	0.00104419	0.00073189	0.000519835	0.00104424	0.0005952	0.000111163	0.00104419	1.46549e-14	4.55174e-08	0.000312303	0.00073189	9.29915e-05	0	9.22049e-08	9.22049e-08	9.22049e-08	9.22049e-08	9.22049e-08	
0.000550201	0.000550201	0.000469874	0.000548073	0.000548073	0.000548073	0.00117435	0.00117435	0.00039273	0.00039273	0.00039273	0.000392719	0.000781616	0.000781616	0.000376994	0.000392719	0.000781627	0.000468502	8.03262e-05	0.000781616	9.32587e-15	1.11491e-08	0.000404622	0.000376994	7.81991e-05	4.9668e-15	4.45169e-07	4.45169e-07	4.45169e-07	4.45169e-07	4.45169e-07	
0.00198476	0.00198476	0.00189301	0.00198897	0.00198897	0.00198897	0.00407391	0.00407391	0.000221186	0.000221186	0.000221186	-1.00948e-07	0.00385272	0.00385272	0.00222984	-1.00948e-07	0.00407401	0.00319687	9.17551e-05	0.00385272	-3.55271e-15	0.000221287	0.00162289	0.00222984	9.59661e-05	-5.05242e-15	1.2275e-06	1.2275e-06	1.2275e-06	1.2275e-06	1.2275e-06	
0.00108193	0.00108193	0.000967111	0.00105301	0.00105301	0.00105301	0.00219192	0.00219192	0.000329505	0.000329505	0.000329505	0.000329502	0.00186242	0.00186242	0.00128793	0.000329502	0.00186242	0.000385828	0.000114815	0.00186242	5.10703e-15	2.94762e-09	0.000574491	0.00128793	8.59001e-05	0	7.00167e-07	7.00167e-07	7.00167e-07	7.00167e-07	7.00167e-07	
0.000981763	0.000981763	0.000913828	0.00100532	0.00100532	0.00100532	0.00210214	0.00210214	0.000468407	0.000468407	0.000468407	0.000468191	0.00163373	0.00163373	0.00132292	0.000468191	0.00163395	0.000586165	6.79352e-05	0.00163373	-1.28786e-14	2.15484e-07	0.000310809	0.00132292	9.14943e-05	0	9.65758e-08	9.65758e-08	9.65758e-08	9.65758e-08	9.65758e-08	
0.00270425	0.00270425	0.00261655	0.00271824	0.00271824	0.00271824	0.00553818	0.00553818	0.000232884	0.000232884	0.000232884	-1.20816e-07	0.00530529	0.00530529	0.00348698	-1.20816e-07	0.0055383	0.0033763	8.77021e-05	0.00530529	-7.99361e-15	0.000233005	0.00181831	0.00348698	0.000101691	0	1.32298e-06	1.32298e-06	1.32298e-06	1.32298e-06	1.32298e-06	
0.000915795	0.000915795	0.000854759	0.000944735	0.000944735	0.000944735	0.00197945	0.00197945	0.000575098	0.000575098	0.000575098	0.000575024	0.00140435	0.00140435	0.00060905	0.000575024	0.00140442	0.000694871	6.10358e-05	0.00140435	-1.28786e-14	7.35787e-08	0.000795298	0.00060905	8.99762e-05	0	9.93054e-08	9.93054e-08	9.93054e-08	9.93054e-08	9.93054e-08	
0.00079078	0.00079078	0.000702704	0.00080953	0.00080953	0.00080953	0.00172589	0.00172589	0.000492624	0.000492624	0.000492624	0.000492036	0.00123326	0.00123326	0.000570817	0.000492036	0.00123385	0.00062575	8.80764e-05	0.00123326	1.11022e-15	5.87101e-07	0.000662446	0.000570817	0.000106826	4.37408e-15	8.10585e-08	8.10585e-08	8.10585e-08	8.10585e-08	8.10585e-08	
0.00170142	0.00170142	0.00162261	0.00171833	0.00171833	0.00171833	0.00353238	0.00353238	0.00017321	0.00017321	0.00017321	-4.21824e-08	0.00335917	0.00335917	0.00262301	-4.21824e-08	0.00353242	0.00253617	7.88132e-05	0.00335917	0	0.000173253	0.000736157	0.00262301	9.57224e-05	-5.26019e-15	1.95206e-06	1.95206e-06	1.95206e-06	1.95206e-06	1.95206e-06	
0.00102122	0.00102122	0.00088348	0.0009929	0.0009929	0.0009929	0.00209522	0.00209522	0.000489521	0.000489521	0.000489521	0.000488175	0.0016057	0.0016057	0.0012518	0.000488175	0.00160705	0.000587973	0.000137735	0.0016057	-4.44089e-16	1.34572e-06	0.000353897	0.0012518	0.00010942	-4.62102e-15	1.47505e-07	1.47505e-07	1.47505e-07	1.47505e-07	1.47505e-07	
0.000872024	0.000872024	0.000696617	0.00080458	0.00080458	0.00080458	0.00171712	0.00171712	0.000493887	0.000493887	0.000493887	0.000493874	0.00122324	0.00122324	0.00049073	0.000493874	0.00122325	0.000534118	0.000175407	0.00122324	-2.22045e-16	1.37471e-08	0.000732505	0.00049073	0.000107963	0	4.66982e-07	4.66982e-07	4.66982e-07	4.66982e-07	4.66982e-07	
0.00106832	0.00106832	0.000973308	0.00105778	0.00105778	0.00105778	0.00220005	0.00220005	0.000477171	0.000477171	0.000477171	0.000477114	0.00172288	0.00172288	0.00100722	0.000477114	0.00172293	0.000551437	9.50088e-05	0.00172288	-1.08802e-14	5.76574e-08	0.000715655	0.00100722	8.44767e-05	0	4.2842e-07	4.2842e-07	4.2842e-07	4.2842e-07	4.2842e-07	
0.000370831	0.000370831	0.000254157	0.000348276	0.000348276	0.000348276	0.000790671	0.000790671	0.000273927	0.000273927	0.000273927	0.000273927	0.000516743	0.000516743	0.000323605	0.000273927	0.000516743	0.000345361	0.000116674	0.000516743	-5.88418e-15	1.18145e-11	0.000193138	0.000323605	9.41188e-05	-4.89606e-15	1.29927e-07	1.29927e-07	1.29927e-07	1.29927e-07	1.29927e-07	
0.000620052	0.000620052	0.000543282	0.000633362	0.000633362	0.000633362	0.00135681	0.00135681	0.000383957	0.000383957	0.000383957	0.000383953	0.000972849	0.000972849	0.000689762	0.000383953	0.000972853	0.000487224	7.67704e-05	0.000972849	8.88178e-16	3.98909e-09	0.000283086	0.000689762	9.00807e-05	0	1.75057e-07	1.75057e-07	1.75057e-07	1.75057e-07	1.75057e-07	
0.0006724	0.0006724	0.000602884	0.000686972	0.000686972	0.000686972	0.00145803	0.00145803	0.000442487	0.000442487	0.000442487	0.00044247	0.00101555	0.00101555	0.000636052	0.00044247	0.00101556	0.000541144	6.95165e-05	0.00101555	-1.06581e-14	1.6369e-08	0.000379494	0.000636052	8.40883e-05	0	2.15264e-07	2.15264e-07	2.15264e-07	2.15264e-07	2.15264e-07	
0.000281721	0.000281721	0.000196537	0.000289094	0.000289094	0.000289094	0.000670746	0.000670746	0.000165587	0.000165587	0.000165587	0.000165587	0.000505159	0.000505159	0.000248736	0.000165587	0.000505159	0.000265227	8.51835e-05	0.000505159	4.66294e-15	4.1718e-11	0.000256423	0.000248736	9.25571e-05	-5.19591e-15	2.90492e-07	2.90492e-07	2.90492e-07	2.90492e-07	2.90492e-07	
0.00260047	0.00260047	0.00251562	0.00261619	0.00261619	0.00261619	0.00533294	0.00533294	0.000419229	0.000419229	0.000419229	-3.53761e-08	0.00491371	0.00491371	0.00227699	-3.53761e-08	0.00533297	0.00598438	8.48464e-05	0.00491371	1.77636e-15	0.000419265	0.00263671	0.00227699	0.000100563	-5.63672e-15	1.56986e-06	1.56986e-06	1.56986e-06	1.56986e-06	1.56986e-06	
0.000569751	0.000569751	0.000439547	0.000532863	0.000532863	0.000532863	0.00115904	0.00115904	0.000384652	0.000384652	0.000384652	0.000384652	0.00077439	0.00077439	0.000267788	0.000384652	0.00077439	0.000440968	0.000130204	0.00077439	-5.44009e-15	2.83501e-12	0.000506602	0.000267788	9.33161e-05	5.17392e-15	1.12419e-07	1.12419e-07	1.12419e-07	1.12419e-07	1.12419e-07	
0.000624103	0.000624103	0.000564253	0.000656893	0.000656893	0.000656893	0.00140643	0.00140643	0.000521886	0.000521886	0.000521886	0.000521833	0.000884541	0.000884541	0.000416323	0.000521833	0.000884594	0.000647803	5.98505e-05	0.000884541	-1.46549e-14	5.29722e-08	0.000468218	0.000416323	9.26405e-05	6.30842e-15	2.01805e-07	2.01805e-07	2.01805e-07	2.01805e-07	2.01805e-07	
0.0013791	0.0013791	0.00129979	0.0013967	0.0013967	0.0013967	0.00289031	0.00289031	0.000416379	0.000416379	0.000416379	0.000416186	0.00247393	0.00247393	0.00161501	0.000416186	0.00247412	0.00053313	7.93143e-05	0.00247393	9.32587e-15	1.93105e-07	0.000858919	0.00161501	9.69131e-05	0	2.71393e-07	2.71393e-07	2.71393e-07	2.71393e-07	2.71393e-07	
0.000621618	0.000621618	0.000568058	0.000654977	0.000654977	0.000654977	0.00139687	0.00139687	0.000362519	0.000362519	0.000362519	0.000362519	0.00103435	0.00103435	0.000788489	0.000362519	0.00103435	0.000482605	5.35606e-05	0.00103435	-1.19904e-14	1.14721e-10	0.000245865	0.000788489	8.69192e-05	-4.48447e-15	1.93382e-07	1.93382e-07	1.93382e-07	1.93382e-07	1.93382e-07	
0.00054965	0.00054965	0.000452158	0.000562901	0.000562901	0.000562901	0.00123654	0.00123654	0.000416964	0.000416964	0.000416964	0.000416964	0.000819581	0.000819581	0.00053621	0.000416964	0.000819581	0.000540839	9.74923e-05	0.000819581	-1.11022e-15	1.57909e-10	0.000283371	0.00053621	0.000110743	-8.01442e-15	1.20627e-07	1.20627e-07	1.20627e-07	1.20627e-07	1.20627e-07	
0.000800861	0.000800861	0.000739306	0.000832149	0.000832149	0.000832149	0.00175714	0.00175714	0.000406944	0.000406944	0.000406944	0.000406944	0.0013502	0.0013502	0.00108304	0.000406944	0.0013502	0.000530956	6.15553e-05	0.0013502	4.996e-15	1.39075e-10	0.000267153	0.00108304	9.28429e-05	0	1.20335e-07	1.20335e-07	1.20335e-07	1.20335e-07	1.20335e-07	
0.00102321	0.00102321	0.000917012	0.00100508	0.00100508	0.00100508	0.00209822	0.00209822	0.000397027	0.000397027	0.000397027	0.000397026	0.00170119	0.00170119	0.00114878	0.000397026	0.00170119	0.000466797	0.000106202	0.00170119	-1.84297e-14	5.64575e-10	0.000552408	0.00114878	8.80639e-05	0	1.62367e-07	1.62367e-07	1.62367e-07	1.62367e-07	1.62367e-07	
0.000728842	0.000728842	0.000619098	0.000714078	0.000714078	0.000714078	0.00152313	0.00152313	0.000421937	0.000421937	0.000421937	0.000421937	0.0011012	0.0011012	0.000538472	0.000421937	0.0011012	0.00050194	0.000109744	0.0011012	-7.54952e-15	3.62394e-11	0.000562726	0.000538472	9.49793e-05	0	2.12406e-07	2.12406e-07	2.12406e-07	2.12406e-07	2.12406e-07	
0.00053628	0.00053628	0.000440377	0.00054222	0.00054222	0.00054222	0.00118628	0.00118628	0.000291747	0.000291747	0.000291747	0.000291747	0.000894535	0.000894535	0.000722521	0.000291747	0.000894535	0.000399082	9.5903e-05	0.000894535	9.99201e-15	1.94786e-10	0.000172014	0.000722521	0.000101843	0	4.50851e-07	4.50851e-07	4.50851e-07	4.50851e-07	4.50851e-07	
0.000478352	0.000478352	0.0003944	0.000506371	0.000506371	0.000506371	0.00112471	0.00112471	0.000402392	0.000402392	0.000402392	0.000402367	0.000722322	0.000722322	0.000353953	0.000402367	0.000722346	0.000542563	8.39512e-05	0.000722322	-1.53211e-14	2.43907e-08	0.000368369	0.000353953	0.000111971	0	1.36924e-07	1.36924e-07	1.36924e-07	1.36924e-07	1.36924e-07	
0.00110507	0.00110507	0.00099279	0.0010884	0.0010884	0.0010884	0.0022724	0.0022724	0.000422768	0.000422768	0.000422768	0.000421215	0.00184963	0.00184963	0.000936004	0.000421215	0.00185118	0.000521717	0.00011228	0.00184963	9.54792e-15	1.55314e-06	0.000913625	0.000936004	9.56055e-05	0	1.73127e-07	1.73127e-07	1.73127e-07	1.73127e-07	1.73127e-07	
0.000689874	0.000689874	0.000627638	0.000712917	0.000712917	0.000712917	0.00151111	0.00151111	0.000226415	0.000226415	0.000226415	0.000226415	0.0012847	0.0012847	0.000886795	0.000226415	0.0012847	0.000334684	6.22363e-05	0.0012847	6.99441e-15	1.62502e-11	0.000397904	0.000886795	8.52793e-05	-3.08575e-15	5.27551e-08	5.27551e-08	5.27551e-08	5.27551e-08	5.27551e-08	
0.00313035	0.00313035	0.00300013	0.00308144	0.00308144	0.00308144	0.0062442	0.0062442	0.000255986	0.000255986	0.000255986	-4.16148e-08	0.00598821	0.00598821	0.00473639	-4.16148e-08	0.00624424	0.0036146	0.000130213	0.00598821	-4.44089e-15	0.000256027	0.00125182	0.00473639	8.13101e-05	-5.32346e-15	2.14051e-06	2.14051e-06	2.14051e-06	2.14051e-06	2.14051e-06	
0.000394942	0.000394942	0.000217676	0.000313151	0.000313151	0.000313151	0.000721776	0.000721776	0.000251358	0.000251358	0.000251358	0.000251358	0.000470417	0.000470417	0.000153063	0.000251358	0.000470417	0.000264929	0.000177266	0.000470417	3.33067e-16	5.77352e-12	0.000317355	0.000153063	9.54747e-05	3.72562e-15	1.13018e-07	1.13018e-07	1.13018e-07	1.13018e-07	1.13018e-07	
0.000447519	0.000447519	0.000331312	0.000418505	0.000418505	0.000418505	0.000924204	0.000924204	0.00020073	0.00020073	0.00020073	0.00020073	0.000723474	0.000723474	0.00018778	0.00020073	0.000723474	0.000258844	0.000116207	0.000723474	-7.88258e-15	4.12334e-13	0.000535694	0.00018778	8.71936e-05	4.2517e-15	6.61788e-08	6.61788e-08	6.61788e-08	6.61788e-08	6.61788e-08	
0.00105466	0.00105466	0.000935945	0.00103354	0.00103354	0.00103354	0.00216467	0.00216467	0.000923327	0.000923327	0.000923327	0.000923262	0.00124134	0.00124134	0.000924664	0.000923262	0.00124141	0.00100012	0.000118719	0.00124134	-4.44089e-15	6.51259e-08	0.000316679	0.000924664	9.75931e-05	8.17237e-15	5.16386e-07	5.16386e-07	5.16386e-07	5.16386e-07	5.16386e-07	
0.000590763	0.000590763	0.000483412	0.000576335	0.000576335	0.000576335	0.00124559	0.00124559	0.000399644	0.000399644	0.000399644	0.000399644	0.000845947	0.000845947	0.000622825	0.000399644	0.000845947	0.000477734	0.000107351	0.000845947	-4.88498e-15	3.15795e-11	0.000223123	0.000622825	9.29221e-05	4.02879e-15	4.03982e-07	4.03982e-07	4.03982e-07	4.03982e-07	4.03982e-07	
0.00166463	0.00166463	0.0015854	0.00169458	0.00169458	0.00169458	0.00349834	0.00349834	0.00021684	0.00021684	0.00021684	-1.00231e-07	0.0032815	0.0032815	0.00269579	-1.00231e-07	0.00349844	0.00317494	7.92244e-05	0.0032815	7.99361e-15	0.00021694	0.000585712	0.00269579	0.000109177	0	1.25067e-06	1.25067e-06	1.25067e-06	1.25067e-06	1.25067e-06	
0.000331742	0.000331742	0.000212474	0.000301797	0.000301797	0.000301797	0.000692918	0.000692918	0.000204509	0.000204509	0.000204509	0.000204509	0.000488409	0.000488409	0.000235578	0.000204509	0.000488409	0.000263635	0.000119268	0.000488409	3.9968e-15	1.06435e-12	0.000252831	0.000235578	8.93237e-05	0	2.54e-07	2.54e-07	2.54e-07	2.54e-07	2.54e-07	
0.00100482	0.00100482	0.000902284	0.00100496	0.00100496	0.00100496	0.0021126	0.0021126	0.000418367	0.000418367	0.000418367	0.000417535	0.00169424	0.00169424	0.001027	0.000417535	0.00169507	0.000531864	0.00010254	0.00169424	4.44089e-16	8.31443e-07	0.00066724	0.001027	0.000102678	0	1.27881e-07	1.27881e-07	1.27881e-07	1.27881e-07	1.27881e-07	
0.00199189	0.00199189	0.00191463	0.00202694	0.00202694	0.00202694	0.00416619	0.00416619	0.000305701	0.000305701	0.000305701	-3.52445e-08	0.00386049	0.00386049	0.00262785	-3.52445e-08	0.00416623	0.00442588	7.7258e-05	0.00386049	5.32907e-15	0.000305736	0.00123264	0.00262785	0.00011231	0	1.75239e-06	1.75239e-06	1.75239e-06	1.75239e-06	1.75239e-06	
0.00271337	0.00271337	0.00260442	0.00269669	0.00269669	0.00269669	0.00548565	0.00548565	0.000235097	0.000235097	0.000235097	-4.7401e-08	0.00525055	0.00525055	0.00269693	-4.7401e-08	0.0054857	0.00336586	0.000108944	0.00525055	3.55271e-15	0.000235145	0.00255362	0.00269693	9.22672e-05	0	1.70386e-06	1.70386e-06	1.70386e-06	1.70386e-06	1.70386e-06	
0.000273255	0.000273255	0.000176036	0.000259886	0.000259886	0.000259886	0.000603621	0.000603621	0.00010808	0.00010808	0.00010808	0.00010808	0.000495541	0.000495541	0.000492337	0.00010808	0.000495541	0.000178534	9.7219e-05	0.000495541	1.4766e-14	3.69034e-15	3.20453e-06	0.000492337	8.38496e-05	0	2.55959e-08	2.55959e-08	2.55959e-08	2.55959e-08	2.55959e-08	
0.00116451	0.00116451	0.00103584	0.00112914	0.00112914	0.00112914	0.00235158	0.00235158	0.000576318	0.000576318	0.000576318	0.000576237	0.00177526	0.00177526	0.00154391	0.000576237	0.00177534	0.000634856	0.000128665	0.00177526	-1.11022e-15	8.11992e-08	0.000231343	0.00154391	9.32961e-05	0	4.44956e-07	4.44956e-07	4.44956e-07	4.44956e-07	4.44956e-07	
0.00188027	0.00188027	0.00175041	0.00184992	0.00184992	0.00184992	0.00379935	0.00379935	0.000383104	0.000383104	0.000383104	-5.99953e-08	0.00341625	0.00341625	0.00274662	-5.99953e-08	0.00379941	0.00543176	0.000129856	0.00341625	0	0.000383164	0.000669626	0.00274662	9.95101e-05	0	1.63619e-06	1.63619e-06	1.63619e-06	1.63619e-06	1.63619e-06	
0.00278612	0.00278612	0.0026367	0.00275088	0.00275088	0.00275088	0.00561595	0.00561595	0.000167305	0.000167305	0.000167305	-2.0371e-08	0.00544864	0.00544864	0.0028096	-2.0371e-08	0.00561597	0.002421	0.000149424	0.00544864	1.33227e-14	0.000167325	0.00263905	0.0028096	0.000114184	-7.37087e-15	4.79497e-07	4.79497e-07	4.79497e-07	4.79497e-07	4.79497e-07	
0.00243839	0.00243839	0.0022994	0.00239461	0.00239461	0.00239461	0.00488442	0.00488442	0.000251173	0.000251173	0.000251173	-1.28561e-08	0.00463325	0.00463325	0.00336734	-1.28561e-08	0.00488443	0.00356701	0.000138993	0.00463325	0	0.000251186	0.00126591	0.00336734	9.52065e-05	-3.05594e-15	1.00315e-06	1.00315e-06	1.00315e-06	1.00315e-06	1.00315e-06	
0.00104954	0.00104954	0.000927631	0.00102525	0.00102525	0.00102525	0.00214811	0.00214811	0.000572271	0.000572271	0.000572271	0.00057207	0.00157584	0.00157584	0.0010465	0.00057207	0.00157604	0.00064808	0.000121908	0.00157584	-6.66134e-15	2.01409e-07	0.000529335	0.0010465	9.76153e-05	0	1.32398e-07	1.32398e-07	1.32398e-07	1.32398e-07	1.32398e-07	
0.000682182	0.000682182	0.000583945	0.000681782	0.000681782	0.000681782	0.0014614	0.0014614	0.00055302	0.00055302	0.00055302	0.000553014	0.000908381	0.000908381	0.000690558	0.000553014	0.000908387	0.000650362	9.82371e-05	0.000908381	4.88498e-15	6.11487e-09	0.000217823	0.000690558	9.78371e-05	-6.61598e-15	1.74937e-07	1.74937e-07	1.74937e-07	1.74937e-07	1.74937e-07	
0.000518057	0.000518057	0.000448515	0.000547808	0.000547808	0.000547808	0.00119491	0.00119491	0.000359524	0.000359524	0.000359524	0.00035952	0.000835385	0.000835385	0.000505822	0.00035952	0.000835389	0.00048826	6.95417e-05	0.000835385	2.66454e-15	4.01999e-09	0.000329564	0.000505822	9.92927e-05	0	3.59975e-07	3.59975e-07	3.59975e-07	3.59975e-07	3.59975e-07	
0.00279327	0.00279327	0.00266113	0.00276368	0.00276368	0.00276368	0.0056299	0.0056299	0.000305096	0.000305096	0.000305096	-5.18661e-08	0.00532481	0.00532481	0.00394563	-5.18661e-08	0.00562996	0.0043409	0.000132142	0.00532481	1.77636e-15	0.000305148	0.00137918	0.00394563	0.00010255	5.8167e-15	4.07108e-06	4.07108e-06	4.07108e-06	4.07108e-06	4.07108e-06	
0.00180682	0.00180682	0.00171138	0.00182079	0.00182079	0.00182079	0.00375098	0.00375098	0.000238612	0.000238612	0.000238612	-4.72686e-08	0.00351237	0.00351237	0.00174358	-4.72686e-08	0.00375103	0.00346364	9.54345e-05	0.00351237	-6.21725e-15	0.000238659	0.00176878	0.00174358	0.000109406	0	9.16102e-07	9.16102e-07	9.16102e-07	9.16102e-07	9.16102e-07	
0.000378426	0.000378426	0.000320186	0.000400242	0.000400242	0.000400242	0.000880539	0.000880539	0.000323968	0.000323968	0.000323968	0.000323968	0.00055657	0.00055657	0.000365335	0.000323968	0.000556571	0.000425697	5.82401e-05	0.00055657	1.06581e-14	2.27382e-10	0.000191235	0.000365335	8.00556e-05	4.79201e-15	1.45091e-07	1.45091e-07	1.45091e-07	1.45091e-07	1.45091e-07	
0.000463042	0.000463042	0.000397995	0.000497384	0.000497384	0.000497384	0.00109416	0.00109416	0.000403717	0.000403717	0.000403717	0.000403716	0.000690438	0.000690438	0.000347665	0.000403716	0.00069044	0.000537324	6.50474e-05	0.000690438	-1.57652e-14	1.21358e-09	0.000342773	0.000347665	9.93887e-05	-5.18901e-15	1.39468e-07	1.39468e-07	1.39468e-07	1.39468e-07	1.39468e-07	
0.000999978	0.000999978	0.000896371	0.00100075	0.00100075	0.00100075	0.00210587	0.00210587	0.000461158	0.000461158	0.000461158	0.000461145	0.00164471	0.00164471	0.00132067	0.000461145	0.00164473	0.000565175	0.000103607	0.00164471	7.10543e-15	1.36877e-08	0.000324047	0.00132067	0.000104377	0	1.30811e-06	1.30811e-06	1.30811e-06	1.30811e-06	1.30811e-06	
0.00234481	0.00234481	0.00225755	0.00234544	0.00234544	0.00234544	0.00477877	0.00477877	7.12558e-05	7.12558e-05	7.12558e-05	2.01692e-07	0.00470751	0.00470751	0.00221862	2.01692e-07	0.00477857	0.00108243	8.72601e-05	0.00470751	-6.21725e-15	7.10542e-05	0.00248889	0.00221862	8.78919e-05	6.34662e-15	1.05109e-06	1.05109e-06	1.05109e-06	1.05109e-06	1.05109e-06	
0.00344745	0.00344745	0.00335607	0.00343086	0.00343086	0.00343086	0.00693651	0.00693651	0.000343479	0.000343479	0.000343479	-1.2213e-07	0.00659303	0.00659303	0.00471327	-1.2213e-07	0.00693663	0.00486717	9.13792e-05	0.00659303	-1.59872e-14	0.000343602	0.00187976	0.00471327	7.479e-05	2.42731e-15	1.32572e-06	1.32572e-06	1.32572e-06	1.32572e-06	1.32572e-06	
0.000468112	0.000468112	0.000338817	0.00042928	0.00042928	0.00042928	0.000949021	0.000949021	0.00031172	0.00031172	0.00031172	0.00031172	0.000637301	0.000637301	0.000319464	0.00031172	0.000637301	0.00036327	0.000129295	0.000637301	3.77476e-15	1.09677e-10	0.000317837	0.000319464	9.04623e-05	5.86216e-15	8.19041e-08	8.19041e-08	8.19041e-08	8.19041e-08	8.19041e-08	
0.00270733	0.00270733	0.00263444	0.00273204	0.00273204	0.00273204	0.00556169	0.00556169	0.000185309	0.000185309	0.000185309	-9.68696e-09	0.00537638	0.00537638	0.00296395	-9.68696e-09	0.00556169	0.0027151	7.28938e-05	0.00537638	-8.88178e-16	0.000185319	0.00241242	0.00296395	9.7603e-05	6.98193e-15	1.66911e-06	1.66911e-06	1.66911e-06	1.66911e-06	1.66911e-06	
0.00174807	0.00174807	0.00167239	0.00175832	0.00175832	0.00175832	0.00360258	0.00360258	0.000281243	0.000281243	0.000281243	-3.41444e-08	0.00332134	0.00332134	0.00171714	-3.41444e-08	0.00360262	0.0040324	7.56753e-05	0.00332134	3.55271e-15	0.000281277	0.0016042	0.00171714	8.59328e-05	0	1.63669e-06	1.63669e-06	1.63669e-06	1.63669e-06	1.63669e-06	
0.000783618	0.000783618	0.000712038	0.000800523	0.000800523	0.000800523	0.00168953	0.00168953	0.000282314	0.000282314	0.000282314	0.000282314	0.00140722	0.00140722	0.000346555	0.000282314	0.00140722	0.000387423	7.15796e-05	0.00140722	-1.22125e-14	2.71938e-10	0.00106066	0.000346555	8.84853e-05	4.8827e-15	2.85514e-07	2.85514e-07	2.85514e-07	2.85514e-07	2.85514e-07	
0.000401455	0.000401455	0.000293809	0.000392308	0.000392308	0.000392308	0.000883116	0.000883116	0.000127673	0.000127673	0.000127673	0.000127673	0.000755443	0.000755443	0.000683622	0.000127673	0.000755443	0.000216984	0.000107646	0.000755443	-7.10543e-15	1.45443e-13	7.18205e-05	0.000683622	9.84996e-05	-5.18088e-15	4.20206e-08	4.20206e-08	4.20206e-08	4.20206e-08	4.20206e-08	
0.00270741	0.00270741	0.0025776	0.00267555	0.00267555	0.00267555	0.00544903	0.00544903	0.000369311	0.000369311	0.000369311	-1.51797e-08	0.00507972	0.00507972	0.00372446	-1.51797e-08	0.00544905	0.00523541	0.000129809	0.00507972	-1.77636e-15	0.000369326	0.00135527	0.00372446	9.79421e-05	5.65339e-15	1.21399e-06	1.21399e-06	1.21399e-06	1.21399e-06	1.21399e-06	
0.000511843	0.000511843	0.000448546	0.00054725	0.00054725	0.00054725	0.0011932	0.0011932	0.000214433	0.000214433	0.000214433	0.000214433	0.000978771	0.000978771	0.000351813	0.000214433	0.000978771	0.000348506	6.32963e-05	0.000978771	5.10703e-15	2.6062e-12	0.000626959	0.000351813	9.8704e-05	0	3.95092e-08	3.95092e-08	3.95092e-08	3.95092e-08	3.95092e-08	
0.00074004	0.00074004	0.000669133	0.000764332	0.000764332	0.000764332	0.00162386	0.00162386	0.000444491	0.000444491	0.000444491	0.000444431	0.00117937	0.00117937	0.00101831	0.000444431	0.00117943	0.00056405	7.09069e-05	0.00117937	6.88338e-15	6.04571e-08	0.000161065	0.00101831	9.51996e-05	0	7.19573e-07	7.19573e-07	7.19573e-07	7.19573e-07	7.19573e-07	
0.000806762	0.000806762	0.000751288	0.000845138	0.000845138	0.000845138	0.00178413	0.00178413	0.000394197	0.000394197	0.000394197	0.000394196	0.00138993	0.00138993	0.000858857	0.000394196	0.00138993	0.000526303	5.54739e-05	0.00138993	-1.90958e-14	1.09754e-09	0.000531072	0.000858857	9.38502e-05	0	1.34527e-07	1.34527e-07	1.34527e-07	1.34527e-07	1.34527e-07	
0.000829251	0.000829251	0.000688699	0.000779287	0.000779287	0.000779287	0.00164916	0.00164916	0.000461041	0.000461041	0.000461041	0.000461041	0.00118812	0.00118812	0.00039551	0.000461041	0.00118812	0.000501282	0.000140552	0.00118812	2.77556e-15	1.77102e-10	0.000792612	0.00039551	9.05883e-05	-6.0104e-15	3.86309e-07	3.86309e-07	3.86309e-07	3.86309e-07	3.86309e-07	
0.00382784	0.00382784	0.00370944	0.00380252	0.00380252	0.00380252	0.00769811	0.00769811	0.000302869	0.000302869	0.000302869	-3.69648e-08	0.00739524	0.00739524	0.00275903	-3.69648e-08	0.00769815	0.00430786	0.000118395	0.00739524	1.42109e-14	0.000302906	0.00463621	0.00275903	9.30756e-05	5.89745e-15	5.44756e-07	5.44756e-07	5.44756e-07	5.44756e-07	5.44756e-07	
0.00161497	0.00161497	0.00154797	0.00164572	0.00164572	0.00164572	0.0033892	0.0033892	0.000146799	0.000146799	0.000146799	-4.70205e-08	0.0032424	0.0032424	0.00255602	-4.70205e-08	0.00338924	0.00218275	6.7003e-05	0.0032424	-2.66454e-15	0.000146846	0.000686377	0.00255602	9.77511e-05	-5.31053e-15	1.53472e-06	1.53472e-06	1.53472e-06	1.53472e-06	1.53472e-06	
0.000622309	0.000622309	0.000524154	0.000614082	0.000614082	0.000614082	0.00131809	0.00131809	0.000486701	0.000486701	0.000486701	0.000486699	0.00083139	0.00083139	0.000791316	0.000486699	0.000831392	0.000568348	9.81541e-05	0.00083139	-5.9952e-15	1.70421e-09	4.00746e-05	0.000791316	8.99275e-05	3.55243e-15	7.61567e-08	7.61567e-08	7.61567e-08	7.61567e-08	7.61567e-08	
0.0024416	0.0024416	0.00235713	0.00245574	0.00245574	0.00245574	0.00501008	0.00501008	0.000201752	0.000201752	0.000201752	4.76071e-09	0.00480833	0.00480833	0.00369267	4.76071e-09	0.00501008	0.00293336	8.44673e-05	0.00480833	3.55271e-15	0.000201747	0.00111567	0.00369267	9.86053e-05	0	3.85331e-06	3.85331e-06	3.85331e-06	3.85331e-06	3.85331e-06	
0.000491355	0.000491355	0.000426349	0.00050909	0.00050909	0.00050909	0.00110092	0.00110092	0.000347877	0.000347877	0.000347877	0.000347875	0.000753045	0.000753045	0.000449544	0.000347875	0.000753047	0.000448306	6.50062e-05	0.000753045	-6.66134e-16	1.63913e-09	0.000303502	0.000449544	8.27416e-05	4.48669e-15	6.88983e-08	6.88983e-08	6.88983e-08	6.88983e-08	6.88983e-08	
0.00165877	0.00165877	0.00159237	0.00167521	0.00167521	0.00167521	0.00343326	0.00343326	0.000163766	0.000163766	0.000163766	-3.27129e-08	0.0032695	0.0032695	0.00271698	-3.27129e-08	0.00343329	0.00239094	6.63995e-05	0.0032695	0	0.000163799	0.000552515	0.00271698	8.28398e-05	7.26958e-15	1.4876e-06	1.4876e-06	1.4876e-06	1.4876e-06	1.4876e-06	
0.000906347	0.000906347	0.000791118	0.000885867	0.000885867	0.000885867	0.00186648	0.00186648	0.000583362	0.000583362	0.000583362	0.000583169	0.00128312	0.00128312	0.000684868	0.000583169	0.00128331	0.000659791	0.000115229	0.00128312	8.21565e-15	1.92551e-07	0.000598254	0.000684868	9.47489e-05	5.30368e-15	3.43298e-07	3.43298e-07	3.43298e-07	3.43298e-07	3.43298e-07	
0.000369926	0.000369926	0.000289115	0.000394099	0.000394099	0.000394099	0.000893181	0.000893181	0.000235342	0.000235342	0.000235342	0.000235341	0.000657839	0.000657839	0.000431973	0.000235341	0.00065784	0.000364398	8.08118e-05	0.000657839	1.11022e-14	9.92358e-10	0.000225866	0.000431973	0.000104984	-3.31931e-15	1.1263e-07	1.1263e-07	1.1263e-07	1.1263e-07	1.1263e-07	
0.000835417	0.000835417	0.000725387	0.000832766	0.000832766	0.000832766	0.00177291	0.00177291	0.000508684	0.000508684	0.000508684	0.000508458	0.00126423	0.00126423	0.000673423	0.000508458	0.00126445	0.000616148	0.00011003	0.00126423	-2.06501e-14	2.25718e-07	0.000590804	0.000673423	0.000107379	-3.44471e-15	1.98293e-07	1.98293e-07	1.98293e-07	1.98293e-07	1.98293e-07	
0.00026638	0.00026638	0.00019327	0.000303617	0.000303617	0.000303617	0.000717581	0.000717581	0.000159073	0.000159073	0.000159073	0.000159073	0.000558508	0.000558508	0.000196767	0.000159073	0.000558508	0.00030654	7.31102e-05	0.000558508	1.88738e-15	3.12489e-11	0.000361741	0.000196767	0.000110347	-4.94503e-15	1.17236e-07	1.17236e-07	1.17236e-07	1.17236e-07	1.17236e-07	
0.00211002	0.00211002	0.00199488	0.00209362	0.00209362	0.00209362	0.00428599	0.00428599	0.000236235	0.000236235	0.000236235	-5.00202e-08	0.00404976	0.00404976	0.00175364	-5.00202e-08	0.00428604	0.00338788	0.000115142	0.00404976	-5.32907e-15	0.000236285	0.00229612	0.00175364	9.87472e-05	-4.65242e-15	2.41264e-06	2.41264e-06	2.41264e-06	2.41264e-06	2.41264e-06	
0.000876992	0.000876992	0.000706725	0.00081337	0.00081337	0.00081337	0.00173338	0.00173338	0.0004931	0.0004931	0.0004931	0.000493061	0.00124028	0.00124028	0.000928915	0.000493061	0.00124032	0.000536005	0.000170267	0.00124028	-7.99361e-15	3.91139e-08	0.00031137	0.000928915	0.000106645	0	6.26526e-07	6.26526e-07	6.26526e-07	6.26526e-07	6.26526e-07	
0.000888172	0.000888172	0.000808696	0.000895508	0.000895508	0.000895508	0.00187783	0.00187783	0.000406938	0.000406938	0.000406938	0.000406937	0.00147089	0.00147089	0.000270939	0.000406937	0.00147089	0.000500986	7.94757e-05	0.00147089	-1.66533e-14	1.12171e-09	0.00119995	0.000270939	8.68122e-05	3.61227e-15	1.15232e-07	1.15232e-07	1.15232e-07	1.15232e-07	1.15232e-07	
0.00102322	0.00102322	0.000934313	0.00101982	0.00101982	0.00101982	0.00212514	0.00212514	0.000683998	0.000683998	0.000683998	0.000683676	0.00144114	0.00144114	0.00104413	0.000683676	0.00144146	0.000770134	8.89099e-05	0.00144114	-1.15463e-14	3.21852e-07	0.000397012	0.00104413	8.55033e-05	0	1.43934e-07	1.43934e-07	1.43934e-07	1.43934e-07	1.43934e-07	
0.00276852	0.00276852	0.0026813	0.0027822	0.0027822	0.0027822	0.00566529	0.00566529	0.000245229	0.000245229	0.000245229	-1.97669e-08	0.00542006	0.00542006	0.00441578	-1.97669e-08	0.00566531	0.00354522	8.72217e-05	0.00542006	0	0.000245249	0.00100428	0.00441578	0.000100896	0	2.81687e-06	2.81687e-06	2.81687e-06	2.81687e-06	2.81687e-06	
0.00035071	0.00035071	0.000253107	0.000357971	0.000357971	0.000357971	0.000820806	0.000820806	0.000193334	0.000193334	0.000193334	0.000193334	0.000627471	0.000627471	0.000437708	0.000193334	0.000627471	0.000305216	9.76036e-05	0.000627471	1.11022e-15	1.43687e-10	0.000189763	0.000437708	0.000104864	3.47884e-15	2.44412e-07	2.44412e-07	2.44412e-07	2.44412e-07	2.44412e-07	
0.00108913	0.00108913	0.00101096	0.00110475	0.00110475	0.00110475	0.00230329	0.00230329	0.000514808	0.000514808	0.000514808	0.000513366	0.00178849	0.00178849	0.00139977	0.000513366	0.00178993	0.000642387	7.81774e-05	0.00178849	1.55431e-14	1.44173e-06	0.000388718	0.00139977	9.37937e-05	4.26216e-15	5.73022e-07	5.73022e-07	5.73022e-07	5.73022e-07	5.73022e-07	
0.000588597	0.000588597	0.000542402	0.000622005	0.000622005	0.000622005	0.00132361	0.00132361	0.000418219	0.000418219	0.000418219	0.000418219	0.000905393	0.000905393	0.000682381	0.000418219	0.000905393	0.00053115	4.61953e-05	0.000905393	6.32827e-15	3.13431e-10	0.000223012	0.000682381	7.96028e-05	9.51948e-15	8.3328e-08	8.3328e-08	8.3328e-08	8.3328e-08	8.3328e-08	
0.000793868	0.000793868	0.000704918	0.000793916	0.000793916	0.000793916	0.00167683	0.00167683	0.000392259	0.000392259	0.000392259	0.000392233	0.00128457	0.00128457	0.000899825	0.000392233	0.0012846	0.000481271	8.89495e-05	0.00128457	-3.33067e-15	2.60095e-08	0.000384747	0.000899825	8.8998e-05	4.23298e-15	3.72156e-07	3.72156e-07	3.72156e-07	3.72156e-07	3.72156e-07	
0.00300351	0.00300351	0.0029034	0.00301428	0.00301428	0.00301428	0.00613945	0.00613945	0.000245948	0.000245948	0.000245948	-2.51733e-08	0.0058935	0.0058935	0.00278638	-2.51733e-08	0.00613948	0.00356441	0.000100113	0.0058935	1.77636e-15	0.000245973	0.00310712	0.00278638	0.000110885	0	8.45109e-07	8.45109e-07	8.45109e-07	8.45109e-07	8.45109e-07	
0.00319702	0.00319702	0.00313819	0.00324276	0.00324276	0.00324276	0.00659008	0.00659008	0.000344634	0.000344634	0.000344634	-2.20997e-08	0.00624544	0.00624544	0.00418528	-2.20997e-08	0.0065901	0.00497173	5.88311e-05	0.00624544	-7.10543e-15	0.000344656	0.00206017	0.00418528	0.000104564	6.72371e-15	3.73241e-06	3.73241e-06	3.73241e-06	3.73241e-06	3.73241e-06	
0.000325075	0.000325075	0.000243679	0.000338616	0.000338616	0.000338616	0.00077217	0.00077217	0.000254119	0.000254119	0.000254119	0.000254119	0.000518052	0.000518052	0.000145794	0.000254119	0.000518052	0.000362505	8.13959e-05	0.000518052	-4.66294e-15	6.76018e-12	0.000372258	0.000145794	9.49375e-05	0	9.30477e-08	9.30477e-08	9.30477e-08	9.30477e-08	9.30477e-08	
0.000565189	0.000565189	0.000481872	0.000576823	0.000576823	0.000576823	0.0012486	0.0012486	0.000394245	0.000394245	0.000394245	0.000394244	0.000854351	0.000854351	0.000361661	0.000394244	0.000854352	0.000500535	8.33169e-05	0.000854351	-4.66294e-15	1.1158e-09	0.000492689	0.000361661	9.49507e-05	0	3.09598e-07	3.09598e-07	3.09598e-07	3.09598e-07	3.09598e-07	
0.00028366	0.00028366	0.000190691	0.000284012	0.000284012	0.000284012	0.000661346	0.000661346	0.000234498	0.000234498	0.000234498	0.000234498	0.000426848	0.000426848	0.000286755	0.000234498	0.000426848	0.000328032	9.29682e-05	0.000426848	-6.99441e-15	1.88553e-12	0.000140093	0.000286755	9.33211e-05	0	1.39814e-07	1.39814e-07	1.39814e-07	1.39814e-07	1.39814e-07	
0.00109707	0.00109707	0.00102939	0.00112606	0.00112606	0.00112606	0.00234878	0.00234878	0.000670113	0.000670113	0.000670113	0.000669939	0.00167867	0.00167867	0.00094046	0.000669939	0.00167884	0.000797838	6.76757e-05	0.00167867	-5.32907e-15	1.74515e-07	0.000738207	0.00094046	9.66644e-05	4.69497e-15	1.96531e-07	1.96531e-07	1.96531e-07	1.96531e-07	1.96531e-07	
0.0007709	0.0007709	0.000685657	0.000760213	0.000760213	0.000760213	0.00159498	0.00159498	0.000494336	0.000494336	0.000494336	0.000494249	0.00110065	0.00110065	0.000377982	0.000494249	0.00110073	0.000558958	8.52431e-05	0.00110065	1.88738e-14	8.68772e-08	0.000722665	0.000377982	7.45568e-05	3.90166e-15	3.78222e-07	3.78222e-07	3.78222e-07	3.78222e-07	3.78222e-07	
0.00058117	0.00058117	0.00050321	0.000585265	0.000585265	0.000585265	0.00125259	0.00125259	0.000316673	0.000316673	0.000316673	0.000316673	0.000935912	0.000935912	0.000531221	0.000316673	0.000935913	0.000402318	7.79595e-05	0.000935912	4.21885e-15	9.27782e-10	0.000404692	0.000531221	8.2055e-05	4.98814e-15	5.18214e-07	5.18214e-07	5.18214e-07	5.18214e-07	5.18214e-07	
0.000588492	0.000588492	0.000472758	0.00056797	0.00056797	0.00056797	0.00123115	0.00123115	0.00048113	0.00048113	0.00048113	0.000481129	0.000750021	0.000750021	0.000379593	0.000481129	0.000750022	0.000555747	0.000115734	0.000750021	-1.77636e-15	5.13597e-10	0.000370429	0.000379593	9.52116e-05	3.71891e-15	7.81315e-08	7.81315e-08	7.81315e-08	7.81315e-08	7.81315e-08	
0.00104379	0.00104379	0.000952185	0.00103547	0.00103547	0.00103547	0.00215423	0.00215423	0.000422368	0.000422368	0.000422368	0.000422298	0.00173186	0.00173186	0.00142081	0.000422298	0.00173194	0.000498139	9.16056e-05	0.00173186	8.88178e-15	7.03519e-08	0.000311059	0.00142081	8.32874e-05	0	1.12496e-07	1.12496e-07	1.12496e-07	1.12496e-07	1.12496e-07	
0.00258326	0.00258326	0.00252455	0.00261259	0.00261259	0.00261259	0.00531321	0.00531321	0.000401753	0.000401753	0.000401753	-2.84258e-08	0.00491146	0.00491146	0.00167643	-2.84258e-08	0.00531324	0.00573823	5.87119e-05	0.00491146	-8.88178e-15	0.000401781	0.00323503	0.00167643	8.8036e-05	0	4.04039e-06	4.04039e-06	4.04039e-06	4.04039e-06	4.04039e-06	
0.000794491	0.000794491	0.00070717	0.000792656	0.000792656	0.000792656	0.0016708	0.0016708	0.000276711	0.000276711	0.000276711	0.000276646	0.00139409	0.00139409	0.000932215	0.000276646	0.00139415	0.000360955	8.7321e-05	0.00139409	5.77316e-15	6.46289e-08	0.000461873	0.000932215	8.54863e-05	-6.04377e-15	2.47883e-07	2.47883e-07	2.47883e-07	2.47883e-07	2.47883e-07	
0.000893004	0.000893004	0.00080251	0.000905182	0.000905182	0.000905182	0.00191304	0.00191304	0.00049492	0.00049492	0.00049492	0.000494907	0.00141812	0.00141812	0.00087734	0.000494907	0.00141813	0.000609737	9.04934e-05	0.00141812	1.77636e-15	1.34517e-08	0.000540777	0.00087734	0.000102672	4.49847e-15	2.08502e-07	2.08502e-07	2.08502e-07	2.08502e-07	2.08502e-07	
0.00080853	0.00080853	0.000740508	0.000841991	0.000841991	0.000841991	0.00178546	0.00178546	0.000481375	0.000481375	0.000481375	0.000481373	0.00130409	0.00130409	0.000708115	0.000481373	0.00130409	0.000615909	6.80222e-05	0.00130409	1.22125e-14	1.35226e-09	0.000595975	0.000708115	0.000101483	0	4.26903e-07	4.26903e-07	4.26903e-07	4.26903e-07	4.26903e-07	
0.000281477	0.000281477	0.00016594	0.000248319	0.000248319	0.000248319	0.000579017	0.000579017	9.29595e-05	9.29595e-05	9.29595e-05	9.29595e-05	0.000486058	0.000486058	0.000380124	9.29595e-05	0.000486058	0.000142161	0.000115537	0.000486058	2.14828e-14	5.28886e-16	0.000105934	0.000380124	8.2379e-05	0	1.98997e-08	1.98997e-08	1.98997e-08	1.98997e-08	1.98997e-08	
0.00144507	0.00144507	0.00134911	0.00145074	0.00145074	0.00145074	0.0030031	0.0030031	0.000190203	0.000190203	0.000190203	-7.53211e-08	0.0028129	0.0028129	0.00197581	-7.53211e-08	0.00300318	0.00276873	9.59661e-05	0.0028129	2.66454e-15	0.000190279	0.000837094	0.00197581	0.000101631	0	2.39172e-06	2.39172e-06	2.39172e-06	2.39172e-06	2.39172e-06	
0.00170897	0.00170897	0.00163513	0.00172459	0.00172459	0.00172459	0.00353863	0.00353863	9.54919e-05	9.54919e-05	9.54919e-05	-7.46919e-09	0.00344313	0.00344313	0.0017294	-7.46919e-09	0.00353863	0.00143964	7.38339e-05	0.00344313	-1.5099e-14	9.54994e-05	0.00171373	0.0017294	8.94533e-05	0	2.42098e-06	2.42098e-06	2.42098e-06	2.42098e-06	2.42098e-06	
0.000623046	0.000623046	0.000546243	0.000652595	0.000652595	0.000652595	0.00141154	0.00141154	0.000494745	0.000494745	0.000494745	0.000494521	0.000916797	0.000916797	0.000477547	0.000494521	0.000917021	0.000633306	7.68031e-05	0.000916797	9.10383e-15	2.23804e-07	0.00043925	0.000477547	0.000106352	6.41421e-15	2.49147e-07	2.49147e-07	2.49147e-07	2.49147e-07	2.49147e-07	
0.000932968	0.000932968	0.000817478	0.000929768	0.000929768	0.000929768	0.00197183	0.00197183	0.000336054	0.000336054	0.000336054	0.000335964	0.00163577	0.00163577	0.000990809	0.000335964	0.00163586	0.000446087	0.00011549	0.00163577	9.76996e-15	9.00361e-08	0.000644962	0.000990809	0.00011229	0	2.27808e-07	2.27808e-07	2.27808e-07	2.27808e-07	2.27808e-07	
0.00193487	0.00193487	0.00182679	0.00195293	0.00195293	0.00195293	0.00403199	0.00403199	0.000212611	0.000212611	0.000212611	-1.55343e-08	0.00381938	0.00381938	0.0030151	-1.55343e-08	0.004032	0.00312055	0.000108086	0.00381938	1.06581e-14	0.000212627	0.000804279	0.0030151	0.000126137	6.34556e-15	3.95031e-07	3.95031e-07	3.95031e-07	3.95031e-07	3.95031e-07	
0.000604794	0.000604794	0.000467988	0.000565357	0.000565357	0.000565357	0.00122808	0.00122808	0.000284232	0.000284232	0.000284232	0.000284232	0.000943849	0.000943849	0.000760528	0.000284232	0.00094385	0.000342138	0.000136806	0.000943849	1.57652e-14	6.35788e-10	0.000183321	0.000760528	9.73682e-05	0	3.30268e-08	3.30268e-08	3.30268e-08	3.30268e-08	3.30268e-08	
0.00102211	0.00102211	0.00087554	0.000958691	0.000958691	0.000958691	0.00200053	0.00200053	0.000702802	0.000702802	0.000702802	0.000702801	0.00129773	0.00129773	0.00068423	0.000702801	0.00129773	0.000722342	0.00014657	0.00129773	5.32907e-15	1.46066e-09	0.000613501	0.00068423	8.31512e-05	0	2.11015e-07	2.11015e-07	2.11015e-07	2.11015e-07	2.11015e-07	
0.00108313	0.00108313	0.00098074	0.00108423	0.00108423	0.00108423	0.00227195	0.00227195	0.00060611	0.00060611	0.00060611	0.000606105	0.00166584	0.00166584	0.00084739	0.000606105	0.00166584	0.000710622	0.000102394	0.00166584	-2.88658e-15	4.48794e-09	0.000818447	0.00084739	0.000103489	0	1.30416e-07	1.30416e-07	1.30416e-07	1.30416e-07	1.30416e-07	
0.000555731	0.000555731	0.000468781	0.000569318	0.000569318	0.000569318	0.00123917	0.00123917	0.00022355	0.00022355	0.00022355	0.00022355	0.00101562	0.00101562	0.000535479	0.00022355	0.00101562	0.000337526	8.69499e-05	0.00101562	1.36557e-14	3.55251e-13	0.000480144	0.000535479	0.000100537	4.37986e-15	1.48238e-07	1.48238e-07	1.48238e-07	1.48238e-07	1.48238e-07	
0.00102263	0.00102263	0.000939415	0.00102104	0.00102104	0.00102104	0.00212371	0.00212371	0.00035307	0.00035307	0.00035307	0.000353069	0.00177064	0.00177064	0.00108152	0.000353069	0.00177064	0.000433035	8.32101e-05	0.00177064	-1.33227e-15	7.57013e-10	0.000689116	0.00108152	8.16259e-05	0	8.61769e-08	8.61769e-08	8.61769e-08	8.61769e-08	8.61769e-08	
0.00225609	0.00225609	0.00218059	0.00227415	0.00227415	0.00227415	0.00464187	0.00464187	0.000268694	0.000268694	0.000268694	-2.30132e-08	0.00437317	0.00437317	0.00309481	-2.30132e-08	0.00464189	0.00386998	7.54967e-05	0.00437317	1.77636e-15	0.000268717	0.00127836	0.00309481	9.35608e-05	7.43702e-15	3.66061e-06	3.66061e-06	3.66061e-06	3.66061e-06	3.66061e-06	
0.00173147	0.00173147	0.00165055	0.0017212	0.0017212	0.0017212	0.00351304	0.00351304	0.00015008	0.00015008	0.00015008	-4.70191e-08	0.00336296	0.00336296	0.000964398	-4.70191e-08	0.00351309	0.00216171	8.09175e-05	0.00336296	8.88178e-16	0.000150127	0.00239856	0.000964398	7.06472e-05	-2.64669e-15	3.91815e-07	3.91815e-07	3.91815e-07	3.91815e-07	3.91815e-07	
0.000792653	0.000792653	0.00073637	0.000826157	0.000826157	0.000826157	0.0017421	0.0017421	0.000471485	0.000471485	0.000471485	0.000471478	0.00127062	0.00127062	0.00102695	0.000471478	0.00127062	0.000594647	5.62827e-05	0.00127062	-1.11022e-15	7.14181e-09	0.000243667	0.00102695	8.97866e-05	0	2.21866e-07	2.21866e-07	2.21866e-07	2.21866e-07	2.21866e-07	
0.000866192	0.000866192	0.00081155	0.000897986	0.000897986	0.000897986	0.00188241	0.00188241	0.000494599	0.000494599	0.000494599	0.00049354	0.00138781	0.00138781	0.000841381	0.00049354	0.00138887	0.000626093	5.46425e-05	0.00138781	1.37668e-14	1.05831e-06	0.000546428	0.000841381	8.6436e-05	6.56633e-15	4.93329e-07	4.93329e-07	4.93329e-07	4.93329e-07	4.93329e-07	
0.00375514	0.00375514	0.00364747	0.00374539	0.00374539	0.00374539	0.00758869	0.00758869	0.00039189	0.00039189	0.00039189	-3.8528e-08	0.0071968	0.0071968	0.00505853	-3.8528e-08	0.00758873	0.00556905	0.00010767	0.0071968	-7.10543e-15	0.000391929	0.00213827	0.00505853	9.79179e-05	3.3081e-15	6.08267e-06	6.08267e-06	6.08267e-06	6.08267e-06	6.08267e-06	
0.000327572	0.000327572	0.000254121	0.000361586	0.000361586	0.000361586	0.000830636	0.000830636	0.000369304	0.000369304	0.000369304	0.000369304	0.000461332	0.000461332	0.000436948	0.000369304	0.000461333	0.000510236	7.34516e-05	0.000461332	-8.43769e-15	7.56255e-10	2.43844e-05	0.000436948	0.000107465	0	5.56961e-07	5.56961e-07	5.56961e-07	5.56961e-07	5.56961e-07	
0.000432683	0.000432683	0.000359368	0.000450715	0.000450715	0.000450715	0.000992776	0.000992776	0.0002649	0.0002649	0.0002649	0.0002649	0.000727876	0.000727876	0.00050785	0.0002649	0.000727876	0.00037415	7.33155e-05	0.000727876	-1.27676e-14	6.29702e-12	0.000220027	0.00050785	9.13467e-05	-3.76861e-15	1.27504e-07	1.27504e-07	1.27504e-07	1.27504e-07	1.27504e-07	
0.00104946	0.00104946	0.00097917	0.00106948	0.00106948	0.00106948	0.00222928	0.00222928	0.00077924	0.00077924	0.00077924	0.000778839	0.00145004	0.00145004	0.00114726	0.000778839	0.00145044	0.000894529	7.02909e-05	0.00145004	9.99201e-15	4.01527e-07	0.000302782	0.00114726	9.0314e-05	0	2.68607e-07	2.68607e-07	2.68607e-07	2.68607e-07	2.68607e-07	
0.000521133	0.000521133	0.000470048	0.000553258	0.000553258	0.000553258	0.00118973	0.00118973	0.000168838	0.000168838	0.000168838	0.000168838	0.00102089	0.00102089	0.000596548	0.000168838	0.00102089	0.000284122	5.10853e-05	0.00102089	-3.88578e-15	2.56483e-13	0.000424341	0.000596548	8.32104e-05	-3.73972e-15	5.12003e-08	5.12003e-08	5.12003e-08	5.12003e-08	5.12003e-08	
0.0006073	0.0006073	0.0005126	0.00060589	0.00060589	0.00060589	0.00130507	0.00130507	0.000615582	0.000615582	0.000615582	0.00061556	0.000689488	0.000689488	0.000445212	0.00061556	0.000689509	0.000707268	9.47008e-05	0.000689488	-1.77636e-15	2.15489e-08	0.000244276	0.000445212	9.32902e-05	4.54804e-15	4.73267e-07	4.73267e-07	4.73267e-07	4.73267e-07	4.73267e-07	
0.000633559	0.000633559	0.000575621	0.000662254	0.000662254	0.000662254	0.00141114	0.00141114	0.000540041	0.000540041	0.000540041	0.000540019	0.000871101	0.000871101	0.000478509	0.000540019	0.000871123	0.00065545	5.79381e-05	0.000871101	1.17684e-14	2.19205e-08	0.000392592	0.000478509	8.66331e-05	-5.29576e-15	2.03206e-07	2.03206e-07	2.03206e-07	2.03206e-07	2.03206e-07	
0.000483728	0.000483728	0.000413311	0.000512616	0.000512616	0.000512616	0.00112454	0.00112454	0.000225037	0.000225037	0.000225037	0.000225037	0.000899501	0.000899501	0.000646052	0.000225037	0.000899501	0.000353101	7.04174e-05	0.000899501	-1.69864e-14	4.69298e-11	0.000253449	0.000646052	9.93055e-05	3.97866e-15	1.30442e-07	1.30442e-07	1.30442e-07	1.30442e-07	1.30442e-07	
0.000398366	0.000398366	0.000308193	0.000403066	0.000403066	0.000403066	0.000901004	0.000901004	0.000245027	0.000245027	0.000245027	0.000245027	0.000655977	0.000655977	0.000222601	0.000245027	0.000655977	0.000344367	9.01721e-05	0.000655977	3.10862e-15	4.44644e-11	0.000433376	0.000222601	9.48724e-05	4.84837e-15	2.33234e-07	2.33234e-07	2.33234e-07	2.33234e-07	2.33234e-07	
0.000837862	0.000837862	0.000776385	0.000889805	0.000889805	0.000889805	0.00189303	0.00189303	0.000528748	0.000528748	0.000528748	0.000528709	0.00136428	0.00136428	0.000545549	0.000528709	0.00136432	0.000694492	6.1477e-05	0.00136428	6.66134e-16	3.88859e-08	0.000818733	0.000545549	0.00011342	0	1.24668e-07	1.24668e-07	1.24668e-07	1.24668e-07	1.24668e-07	
0.00105067	0.00105067	0.000968131	0.00104905	0.00104905	0.00104905	0.00217903	0.00217903	0.000519458	0.000519458	0.000519458	0.00051935	0.00165957	0.00165957	0.00135775	0.00051935	0.00165968	0.00059993	8.2543e-05	0.00165957	7.99361e-15	1.07762e-07	0.000301819	0.00135775	8.09222e-05	0	2.30542e-07	2.30542e-07	2.30542e-07	2.30542e-07	2.30542e-07	
0.000503881	0.000503881	0.000437735	0.00053482	0.00053482	0.00053482	0.00116673	0.00116673	0.000201269	0.000201269	0.000201269	0.000201269	0.000965456	0.000965456	0.000766972	0.000201269	0.000965456	0.00032912	6.61464e-05	0.000965456	2.66454e-15	1.07026e-11	0.000198484	0.000766972	9.70852e-05	6.21674e-15	1.73617e-07	1.73617e-07	1.73617e-07	1.73617e-07	1.73617e-07	
0.000634429	0.000634429	0.000502102	0.000594257	0.000594257	0.000594257	0.00128067	0.00128067	0.000530196	0.000530196	0.000530196	0.000530196	0.000750474	0.000750474	0.00029511	0.000530196	0.000750474	0.000582091	0.000132327	0.000750474	-1.55431e-15	1.35214e-10	0.000455364	0.00029511	9.21555e-05	0	9.04223e-08	9.04223e-08	9.04223e-08	9.04223e-08	9.04223e-08	
0.00199583	0.00199583	0.00193393	0.00202399	0.00202399	0.00202399	0.00413803	0.00413803	0.000235305	0.000235305	0.000235305	-6.20455e-08	0.00390273	0.00390273	0.00276173	-6.20455e-08	0.00413809	0.0034088	6.19013e-05	0.00390273	1.42109e-14	0.000235367	0.001141	0.00276173	9.0056e-05	0	4.48019e-06	4.48019e-06	4.48019e-06	4.48019e-06	4.48019e-06	
0.00203062	0.00203062	0.00195132	0.00204539	0.00204539	0.00204539	0.00418487	0.00418487	0.000246624	0.000246624	0.000246624	-7.03292e-08	0.00393824	0.00393824	0.0029666	-7.03292e-08	0.00418494	0.00356155	7.93023e-05	0.00393824	1.77636e-15	0.000246694	0.000971644	0.0029666	9.40777e-05	-9.72497e-15	9.48659e-07	9.48659e-07	9.48659e-07	9.48659e-07	9.48659e-07	
0.0011242	0.0011242	0.000977875	0.0010712	0.0010712	0.0010712	0.00223574	0.00223574	0.000650729	0.000650729	0.000650729	0.000649757	0.00158501	0.00158501	0.000875626	0.000649757	0.00158598	0.00070314	0.000146329	0.00158501	-2.22045e-14	9.72566e-07	0.000709383	0.000875626	9.33295e-05	5.71563e-15	5.63114e-07	5.63114e-07	5.63114e-07	5.63114e-07	5.63114e-07	
0.000654655	0.000654655	0.000558988	0.000645698	0.000645698	0.000645698	0.00137811	0.00137811	0.000231179	0.000231179	0.000231179	0.000231179	0.00114693	0.00114693	0.00036468	0.000231179	0.00114693	0.000308888	9.56673e-05	0.00114693	5.88418e-15	4.541e-10	0.000782246	0.00036468	8.671e-05	-4.06282e-15	4.96466e-08	4.96466e-08	4.96466e-08	4.96466e-08	4.96466e-08	
0.000344851	0.000344851	0.000248508	0.000345554	0.000345554	0.000345554	0.000788154	0.000788154	0.00028307	0.00028307	0.00028307	0.00028307	0.000505084	0.000505084	0.000254402	0.00028307	0.000505084	0.000380599	9.63427e-05	0.000505084	-4.66294e-15	7.23496e-12	0.000250682	0.000254402	9.70458e-05	6.62788e-15	2.20119e-07	2.20119e-07	2.20119e-07	2.20119e-07	2.20119e-07	
0.00220529	0.00220529	0.00210942	0.00219457	0.00219457	0.00219457	0.0044743	0.0044743	0.000189386	0.000189386	0.000189386	-4.25282e-08	0.00428491	0.00428491	0.00281429	-4.25282e-08	0.00447434	0.00272534	9.58694e-05	0.00428491	2.04281e-14	0.000189428	0.00147062	0.00281429	8.51523e-05	5.70522e-15	1.05349e-06	1.05349e-06	1.05349e-06	1.05349e-06	1.05349e-06	
0.000551543	0.000551543	0.000505322	0.000606237	0.000606237	0.000606237	0.00131339	0.00131339	0.000409359	0.000409359	0.000409359	0.000409331	0.000904029	0.000904029	0.000696015	0.000409331	0.000904058	0.000565157	4.62206e-05	0.000904029	6.66134e-16	2.82301e-08	0.000208015	0.000696015	0.000100915	4.289e-15	1.78467e-07	1.78467e-07	1.78467e-07	1.78467e-07	1.78467e-07	
0.000362458	0.000362458	0.000291265	0.000382776	0.000382776	0.000382776	0.000857063	0.000857063	7.10172e-05	7.10172e-05	7.10172e-05	7.10172e-05	0.000786046	0.000786046	0.000463118	7.10172e-05	0.000786046	0.00018281	7.11929e-05	0.000786046	-1.93734e-14	1.14959e-15	0.000322928	0.000463118	9.15108e-05	0	3.58886e-08	3.58886e-08	3.58886e-08	3.58886e-08	3.58886e-08	
0.00171858	0.00171858	0.00157691	0.00167395	0.00167395	0.00167395	0.00344493	0.00344493	0.000230168	0.000230168	0.000230168	-1.41504e-07	0.00321476	0.00321476	0.00197256	-1.41504e-07	0.00344507	0.00327382	0.00014167	0.00321476	1.06581e-14	0.00023031	0.00124221	0.00197256	9.70372e-05	-4.74585e-15	2.78384e-06	2.78384e-06	2.78384e-06	2.78384e-06	2.78384e-06	
0.000398085	0.000398085	0.000220808	0.000309346	0.000309346	0.000309346	0.00070723	0.00070723	0.000231984	0.000231984	0.000231984	0.000231984	0.000475246	0.000475246	0.000320924	0.000231984	0.000475246	0.000231719	0.000177277	0.000475246	1.9984e-14	2.65089e-14	0.000154322	0.000320924	8.85384e-05	0	6.5361e-08	6.5361e-08	6.5361e-08	6.5361e-08	6.5361e-08	
0.000387366	0.000387366	0.000269432	0.000354849	0.000354849	0.000354849	0.000795115	0.000795115	0.000191738	0.000191738	0.000191738	0.000191738	0.000603377	0.000603377	0.000340022	0.000191738	0.000603377	0.000244604	0.000117934	0.000603377	-7.88258e-15	3.56636e-15	0.000263355	0.000340022	8.54168e-05	-4.28482e-15	3.34308e-08	3.34308e-08	3.34308e-08	3.34308e-08	3.34308e-08	
0.00100959	0.00100959	0.000940206	0.00103421	0.00103421	0.00103421	0.00216243	0.00216243	0.000562968	0.000562968	0.000562968	0.000562128	0.00159946	0.00159946	0.000509001	0.000562128	0.0016003	0.00069186	6.9387e-05	0.00159946	-1.28786e-14	8.40099e-07	0.00109046	0.000509001	9.40052e-05	-3.60729e-15	6.5263e-07	6.5263e-07	6.5263e-07	6.5263e-07	6.5263e-07	
0.000912451	0.000912451	0.000810138	0.000911226	0.000911226	0.000911226	0.00192354	0.00192354	0.00051508	0.00051508	0.00051508	0.000509563	0.00140846	0.00140846	0.000545003	0.000509563	0.00141398	0.000686142	0.000102313	0.00140846	8.43769e-15	5.51734e-06	0.000863457	0.000545003	0.000101088	0	5.26278e-07	5.26278e-07	5.26278e-07	5.26278e-07	5.26278e-07	
0.00259077	0.00259077	0.00247024	0.00257776	0.00257776	0.00257776	0.00526304	0.00526304	0.000385148	0.000385148	0.000385148	-1.21327e-07	0.0048779	0.0048779	0.00331428	-1.21327e-07	0.00526316	0.00547968	0.000120533	0.0048779	-3.55271e-15	0.000385269	0.00156362	0.00331428	0.000107524	-3.79848e-15	8.47832e-06	8.47832e-06	8.47832e-06	8.47832e-06	8.47832e-06	
0.000726186	0.000726186	0.000642768	0.000741626	0.000741626	0.000741626	0.00158211	0.00158211	0.000453638	0.000453638	0.000453638	0.000453636	0.00112847	0.00112847	0.000522385	0.000453636	0.00112847	0.000567803	8.34173e-05	0.00112847	9.32587e-15	2.17701e-09	0.000606087	0.000522385	9.88577e-05	7.76866e-15	1.6118e-07	1.6118e-07	1.6118e-07	1.6118e-07	1.6118e-07	
0.000750479	0.000750479	0.000666432	0.000760424	0.000760424	0.000760424	0.00161484	0.00161484	0.000260609	0.000260609	0.000260609	0.000260608	0.00135423	0.00135423	0.00085213	0.000260608	0.00135423	0.000364365	8.40473e-05	0.00135423	-4.44089e-16	1.47236e-10	0.000502102	0.00085213	9.39924e-05	0	1.82741e-07	1.82741e-07	1.82741e-07	1.82741e-07	1.82741e-07	
0.000427366	0.000427366	0.000351714	0.000447313	0.000447313	0.000447313	0.000990223	0.000990223	0.000202964	0.000202964	0.000202964	0.000202964	0.00078726	0.00078726	0.000545721	0.000202964	0.00078726	0.000318418	7.56522e-05	0.00078726	-6.66134e-16	1.74287e-13	0.000241539	0.000545721	9.55983e-05	0	8.97211e-08	8.97211e-08	8.97211e-08	8.97211e-08	8.97211e-08	
0.000882333	0.000882333	0.000791327	0.000874643	0.000874643	0.000874643	0.0018326	0.0018326	0.000663026	0.000663026	0.000663026	0.000663024	0.00116958	0.00116958	0.000890224	0.000663024	0.00116958	0.000738089	9.10065e-05	0.00116958	-7.99361e-15	1.90432e-09	0.000279354	0.000890224	8.33167e-05	0	5.89206e-07	5.89206e-07	5.89206e-07	5.89206e-07	5.89206e-07	
0.00117788	0.00117788	0.0010716	0.00117038	0.00117038	0.00117038	0.00243954	0.00243954	0.000243901	0.000243901	0.000243901	-2.78183e-08	0.00219564	0.00219564	0.000736898	-2.78183e-08	0.00243957	0.00350461	0.000106288	0.00219564	4.44089e-15	0.000243929	0.00145874	0.000736898	9.87825e-05	5.25434e-15	1.64978e-06	1.64978e-06	1.64978e-06	1.64978e-06	1.64978e-06	
0.000929005	0.000929005	0.000810613	0.000905472	0.000905472	0.000905472	0.0019058	0.0019058	0.000406737	0.000406737	0.000406737	0.000406735	0.00149907	0.00149907	0.00107581	0.000406735	0.00149907	0.00047787	0.000118392	0.00149907	1.08802e-14	1.56613e-09	0.000423261	0.00107581	9.48594e-05	-7.26364e-15	2.13616e-07	2.13616e-07	2.13616e-07	2.13616e-07	2.13616e-07	
0.00100061	0.00100061	0.000893437	0.000985953	0.000985953	0.000985953	0.00206442	0.00206442	0.000422369	0.000422369	0.000422369	0.000422367	0.00164205	0.00164205	0.000530073	0.000422367	0.00164205	0.000499845	0.000107171	0.00164205	-1.26565e-14	2.11197e-09	0.00111198	0.000530073	9.2516e-05	-5.28671e-15	4.12844e-07	4.12844e-07	4.12844e-07	4.12844e-07	4.12844e-07	
0.00046275	0.00046275	0.000365879	0.00046658	0.00046658	0.00046658	0.00103386	0.00103386	0.000227639	0.000227639	0.000227639	0.000227639	0.000806223	0.000806223	0.000455006	0.000227639	0.000806223	0.000332128	9.68704e-05	0.000806223	4.66294e-15	1.43977e-11	0.000351217	0.000455006	0.000100701	0	4.22495e-08	4.22495e-08	4.22495e-08	4.22495e-08	4.22495e-08	
0.000870918	0.000870918	0.000778877	0.000878266	0.000878266	0.000878266	0.00185592	0.00185592	0.000421332	0.000421332	0.000421332	0.000421332	0.00143459	0.00143459	0.0011165	0.000421332	0.00143459	0.00052785	9.20409e-05	0.00143459	-2.44249e-15	3.08623e-10	0.000318085	0.0011165	9.93891e-05	-2.80345e-15	2.24144e-07	2.24144e-07	2.24144e-07	2.24144e-07	2.24144e-07	
