1.3093052061
4.4142353892
0.5384221353
3.9379032792
4.8230590376
2.2145946682
1.9571337961
0.9810681084
1.6067091015
4.729667241
3.9796659561
0.9419195339
4.1083807229
1.7313234733
0.7605754069
0.7352676977
1.0029535349
4.5189201961
0.6087383731
0.9784254588
2.3498314546
0.2696852152
1.3438916789
20.3971268279
3.276072729
4.5959692835
11.1934147482
0.1418592153
0.8677573171
0.3521573239
14.2929764475
1.2458363783
2.574768011
2.1218746951
1.5045934159
2.524076114
6.7561036971
2.2079403627
2.2546500814
0.6872009236
6.8052699456
39.041870421
1.3513695257
4.9960961856
24.3310791937
11.3834408369
4.4388311616
12.672727219
0.4123203348
2.9586081238
15.2923492893
1.1017077335
0.8242300716
1.1280584572
1.1164280226
3.5011174289
1.7134548375
3.7511261272
1.7005750472
5.0403969803
1.6298576096
3.8675001142
4.3942254604
0.712830313
5.8456211282
3.6409334168
8.8977580155
7.8268013272
17.3237050553
4.917371692
8.9943064512
1.504025633
10.0724593285
13.9562636463
1.4756357263
1.9724807406
17.6901754417
3.6242945139
0.2626562087
30.3567349938
1.4567019658
17.5313853445
1.985745836
4.7797749573
16.1297659767
2.5771821951
0.261464055
2.6217657639
3.0945204422
3.4551786121
3.4729752495
3.5064077513
2.3261399832
1.3944815597
0.5871179094
11.1322989995
1.1915655446
0.7295114605
6.2923783109
1.6966703192
8.4446370332
10.5152896215
0.3556365726
6.1072924101
12.5965855109
6.6777698492
6.2993569094
5.0145121284
4.4266293858
10.0364903976
3.3592425366
11.2347419209
1.0359284867
10.1076785751
2.6257092405
13.6765455344
0.8054625404
1.7817189867
0.9998148538
2.8870492928
4.8895608277
0.5562466667
0.7549910284
20.572338803
5.5167955417
4.0151774098
0.4812466261
0.8779260008
4.9083979936
2.0379886773
8.2199841085
16.6902037013
0.2157117488
7.9911195868
1.9785736295
1.2457754156
8.1684438828
0.7870378351
2.6147533881
5.8101297987
13.4909139425
5.6876685682
1.2522309287
17.5642940151
4.1110248718
3.9367752088
4.5068651293
0.7121228279
4.4086968276
18.6012091332
8.380411667
1.9480634824
1.5167251854
0.3690322987
6.2876096458
1.4839787434
1.0993898285
5.5033882097
3.9224216868
2.7983930553
6.1570157611
5.4624416351
1.0507820985
0.7402377399
2.2549759577
10.8566158265
3.9173799072
1.0485846256
2.0123788917
0.2584998842
1.7279852609
0.6027491431
1.958532756
1.0388830369
2.1534489494
0.6364395488
2.1539769386
2.4895459954
2.2884378641
1.0073152597
1.3930135175
6.0861480458
3.5742351984
0.7559114212
1.662225889
3.8359777733
2.9843843809
28.7066217458
0.7548509161
8.3647751875
1.2601622093
9.0061348228
11.2386375966
2.6054976758
2.328842913
3.6169253495
16.9235077212
0.9301347717
5.8865016789
1.4050881124
