Time	0	1	2	3	4	5	6	7	8	9	10	
X	2	0.873658	0.968743	1.53593	2.22949	2.94578	3.66455	4.38352	5.1025	5.82149	6.54047	
X	2	0.136659	0.197179	0.24885	0.279922	0.293998	0.298968	0.300411	0.300773	0.300855	0.300872	
X	2	0.313371	0.269846	0.349914	0.403053	0.427007	0.43348	0.433846	0.43332	0.43306	0.433006	
X	2	0.0621986	0.102138	0.139641	0.166202	0.180698	0.187062	0.189459	0.190283	0.190554	0.190642	
X	2	0.362154	0.133406	0.160187	0.189537	0.216081	0.23841	0.255953	0.268848	0.277745	0.283535	
X	2	0.199482	0.221544	0.267155	0.294912	0.30859	0.314313	0.316458	0.317213	0.31747	0.317555	
X	2	0.116294	0.153329	0.184914	0.206072	0.218256	0.224527	0.227527	0.228904	0.229523	0.229797	
X	2	0.206462	0.194042	0.280292	0.366007	0.43457	0.475621	0.489156	0.485453	0.477297	0.472006	
X	2	0.640579	0.685849	1.18586	1.83864	2.53717	3.24426	3.95246	4.66078	5.36911	6.07744	
X	2	0.0885027	0.121928	0.143939	0.155346	0.160415	0.162491	0.163311	0.163629	0.163752	0.163799	
