Time	0	1	2	3	4	5	6	7	8	9	10	
Y	1	1.14234	0.548447	0.195156	0.0563148	0.0142907	0.0034388	0.00081309	0.000191252	4.49195e-05	1.0546e-05	
Y	1	2.5175	2.07477	1.86193	1.77085	1.73743	1.72704	1.72426	1.72359	1.72345	1.72342	
Y	1	2.65925	2.27296	2.00935	1.89668	1.86075	1.85475	1.8558	1.85688	1.85722	1.85725	
Y	1	2.19808	1.71195	1.47081	1.3582	1.31043	1.29219	1.28579	1.28366	1.28296	1.28274	
Y	1	2.61933	2.54246	2.29078	2.10914	1.98183	1.8945	1.83619	1.79848	1.77493	1.76071	
Y	1	2.77674	2.41666	2.21543	2.12246	2.08359	2.06875	2.06344	2.06162	2.061	2.0608	
Y	1	2.66075	2.30136	2.10525	2.0036	1.95352	1.92991	1.91912	1.91428	1.91213	1.91117	
Y	1	2.46736	1.97106	1.62706	1.43405	1.33871	1.30607	1.30838	1.32233	1.33319	1.33702	
Y	1	1.37082	0.702699	0.296662	0.108033	0.0341964	0.00995642	0.00279488	0.000774009	0.000213366	5.87286e-05	
Y	1	2.42468	2.07275	1.91629	1.85039	1.82383	1.81339	1.80934	1.80778	1.80718	1.80695	
